padjScreen t15 t1 t3
Sro1001_g229750 0 0 0 0
Sro1001_g229760 0 0 0 0
Sro1005_g230280 0 0 0 0
Sro1009_g230650 0 0 0 0
Sro1009_g230670 0 0 0 0
Sro1009_g230770 0 0 0 0
Sro100_g051220 0 0 0 0
Sro1010_g230780 0 0 0 0
Sro1010_g230840 0 0 0 0
Sro1012_g231170 0 0 0 0
Sro1012_g231190 0 0 0 0
Sro1012_g231210 0 0 0 0
Sro1014_g231370 0 0 0 0
Sro1014_g231420 0 0 0 0
Sro1016_g231630 0 0 0 0
Sro1016_g231640 0 0 0 0
Sro1017_g231710 0 0 0 0
Sro1017_g231750 0 0 0 0
Sro101_g051520 0 0 0 0
Sro101_g051600 0 0 0 0
Sro1022_g232380 0 0 0 0
Sro1023_g232510 0 0 0 0
Sro1024_g232600 0 0 0 0
Sro1024_g232710 0 0 0 0
Sro1024_g232720 0 0 0 0
Sro1025_g232790 0 0 0 0
Sro1027_g233060 0 0 0 0
Sro1029_g233310 0 0 0 0
Sro102_g051860 0 0 0 0
Sro102_g051890 0 0 0 0
Sro102_g052130 0 0 0 0
Sro102_g052160 0 0 0 0
Sro102_g052190 0 0 0 0
Sro102_g052230 0 0 0 0
Sro102_g052240 0 0 0 0
Sro1030_g233370 0 0 0 0
Sro1031_g233480 0 0 0 0
Sro1031_g233490 0 0 0 0
Sro1032_g233560 0 0 0 0
Sro1033_g233660 0 0 0 0
Sro1033_g233740 0 0 0 0
Sro1033_g233760 0 0 0 0
Sro1033_g233770 0 0 0 0
Sro1035_g233890 0 0 0 0
Sro1035_g233920 0 0 0 0
Sro1036_g233990 0 0 0 0
Sro1036_g234060 0 0 0 0
Sro1038_g234340 0 0 0 0
Sro1039_g234370 0 0 0 0
Sro1039_g234390 0 0 0 0
Sro103_g052280 0 0 0 0
Sro103_g052340 0 0 0 0
Sro103_g052520 0 0 0 0
Sro103_g052530 0 0 0 0
Sro1042_g234700 0 0 0 0
Sro1042_g234720 0 0 0 0
Sro104_g052730 0 0 0 0
Sro104_g052760 0 0 0 0
Sro104_g053000 0 0 0 0
Sro104_g053010 0 0 0 0
Sro104_g053030 0 0 0 0
Sro1051_g235670 0 0 0 0
Sro1051_g235760 0 0 0 0
Sro1052_g235800 0 0 0 0
Sro1055_g236010 0 0 0 0
Sro1055_g236070 0 0 0 0
Sro1056_g236160 0 0 0 0
Sro1056_g236220 0 0 0 0
Sro1057_g236250 0 0 0 0
Sro1058_g236330 0 0 0 0
Sro1059_g236470 0 0 0 0
Sro105_g053330 0 0 0 0
Sro105_g053350 0 0 0 0
Sro1060_g236600 0 0 0 0
Sro1061_g236760 0 0 0 0
Sro1061_g236790 0 0 0 0
Sro1063_g237090 0 0 0 0
Sro1067_g237370 0 0 0 0
Sro1067_g237380 0 0 0 0
Sro1068_g237480 0 0 0 0
Sro1068_g237530 0 0 0 0
Sro1069_g237600 0 0 0 0
Sro106_g053650 0 0 0 0
Sro106_g053660 1 0 0 1
Sro1072_g238050 0 0 0 0
Sro1072_g238110 0 0 0 0
Sro1073_g238180 0 0 0 0
Sro1073_g238220 0 0 0 0
Sro1074_g238330 0 0 0 0
Sro1075_g238430 0 0 0 0
Sro1078_g238800 0 0 0 0
Sro1078_g238840 0 0 0 0
Sro107_g053820 0 0 0 0
Sro107_g054000 0 0 0 0
Sro107_g054050 0 0 0 0
Sro1081_g239040 0 0 0 0
Sro1081_g239060 0 0 0 0
Sro1081_g239120 0 0 0 0
Sro1081_g239150 0 0 0 0
Sro1082_g239190 0 0 0 0
Sro1083_g239320 0 0 0 0
Sro1086_g239720 0 0 0 0
Sro1086_g239750 0 0 0 0
Sro108_g054200 0 0 0 0
Sro108_g054280 0 0 0 0
Sro108_g054330 0 0 0 0
Sro1094_g240590 0 0 0 0
Sro1095_g240690 0 0 0 0
Sro1096_g240810 0 0 0 0
Sro1099_g241200 0 0 0 0
Sro109_g054530 0 0 0 0
Sro10_g007880 0 0 0 0
Sro10_g008290 0 0 0 0
Sro1100_g241320 0 0 0 0
Sro1104_g241790 0 0 0 0
Sro1104_g241830 0 0 0 0
Sro1104_g241840 0 0 0 0
Sro1106_g241960 0 0 0 0
Sro1106_g241980 0 0 0 0
Sro1108_g242180 0 0 0 0
Sro1109_g242340 0 0 0 0
Sro110_g054730 0 0 0 0
Sro110_g054750 0 0 0 0
Sro110_g054770 0 0 0 0
Sro110_g054780 0 0 0 0
Sro110_g054840 0 0 0 0
Sro110_g054860 0 0 0 0
Sro110_g055020 0 0 0 0
Sro110_g055080 0 0 0 0
Sro1111_g242440 0 0 0 0
Sro1111_g242450 0 0 0 0
Sro1113_g242630 0 0 0 0
Sro1113_g242740 0 0 0 0
Sro1114_g242800 0 0 0 0
Sro1114_g242810 0 0 0 0
Sro1116_g242910 0 0 0 0
Sro1117_g243010 0 0 0 0
Sro1118_g243060 0 0 0 0
Sro1119_g243220 0 0 0 0
Sro111_g055150 0 0 0 0
Sro111_g055250 0 0 0 0
Sro111_g055310 0 0 0 0
Sro111_g055350 0 0 0 0
Sro111_g055370 0 0 0 0
Sro1121_g243380 0 0 0 0
Sro1122_g243480 0 0 0 0
Sro1122_g243530 0 0 0 0
Sro1123_g243610 0 0 0 0
Sro1123_g243700 0 0 0 0
Sro1123_g243710 0 0 0 0
Sro1124_g243830 0 0 0 0
Sro1125_g243980 0 0 0 0
Sro1126_g244120 0 0 0 0
Sro1127_g244180 0 0 0 0
Sro1128_g244300 0 0 0 0
Sro112_g055470 0 0 0 0
Sro112_g055690 0 0 0 0
Sro1130_g244520 0 0 0 0
Sro1130_g244570 0 0 0 0
Sro1131_g244580 0 0 0 0
Sro1131_g244670 0 0 0 0
Sro1131_g244700 0 0 0 0
Sro1135_g245050 0 0 0 0
Sro1135_g245060 0 0 0 0
Sro1136_g245120 0 0 0 0
Sro1136_g245150 0 0 0 0
Sro1136_g245180 0 0 0 0
Sro1136_g245200 0 0 0 0
Sro1139_g245460 0 0 0 0
Sro113_g056010 0 0 0 0
Sro113_g056040 0 0 0 0
Sro113_g056090 0 0 0 0
Sro1141_g245620 0 0 0 0
Sro1141_g245670 0 0 0 0
Sro1141_g245680 0 0 0 0
Sro1142_g245860 0 0 0 0
Sro1143_g245900 0 0 0 0
Sro1143_g245930 0 0 0 0
Sro1143_g245940 0 0 0 0
Sro1144_g246110 0 0 0 0
Sro1146_g246280 0 0 0 0
Sro1149_g246600 0 0 0 0
Sro114_g056200 0 0 0 0
Sro114_g056320 0 0 0 0
Sro114_g056350 0 0 0 0
Sro114_g056440 0 0 0 0
Sro1151_g246750 0 0 0 0
Sro1152_g246840 0 0 0 0
Sro1152_g246970 0 0 0 0
Sro1154_g247160 0 0 0 0
Sro1157_g247340 0 0 0 0
Sro115_g056700 0 0 0 0
Sro115_g056750 0 0 0 0
Sro115_g056760 0 0 0 0
Sro115_g056820 0 0 0 0
Sro115_g056850 0 0 0 0
Sro1161_g247820 0 0 0 0
Sro1161_g247830 0 0 0 0
Sro1162_g247840 0 0 0 0
Sro1162_g247870 0 0 0 0
Sro1165_g248100 0 0 0 0
Sro1166_g248190 0 0 0 0
Sro1166_g248230 0 0 0 0
Sro1167_g248380 0 0 0 0
Sro1169_g248600 0 0 0 0
Sro1170_g248690 0 0 0 0
Sro1170_g248760 0 0 0 0
Sro1170_g248770 0 0 0 0
Sro1171_g248790 0 0 0 0
Sro1175_g249220 0 0 0 0
Sro1177_g249420 0 0 0 0
Sro1178_g249490 0 0 0 0
Sro1179_g249630 0 0 0 0
Sro1179_g249640 0 0 0 0
Sro117_g057370 0 0 0 0
Sro117_g057500 0 0 0 0
Sro1181_g249820 0 0 0 0
Sro1181_g249850 0 0 0 0
Sro1183_g250060 0 0 0 0
Sro1185_g250230 0 0 0 0
Sro1185_g250240 0 0 0 0
Sro1186_g250270 0 0 0 0
Sro1186_g250280 0 0 0 0
Sro1186_g250320 0 0 0 0
Sro1187_g250480 0 0 0 0
Sro1189_g250690 0 0 0 0
Sro118_g057730 0 0 0 0
Sro118_g057750 0 0 0 0
Sro1190_g250750 0 0 0 0
Sro1197_g251540 0 0 0 0
Sro1197_g251560 0 0 0 0
Sro1199_g251760 0 0 0 0
Sro119_g058070 0 0 0 0
Sro119_g058080 0 0 0 0
Sro11_g008480 0 0 0 0
Sro11_g008640 0 0 0 0
Sro11_g008670 0 0 0 0
Sro11_g008900 0 0 0 0
Sro11_g008910 0 0 0 0
Sro11_g009020 0 0 0 0
Sro1200_g251830 0 0 0 0
Sro1206_g252330 0 0 0 0
Sro1207_g252440 0 0 0 0
Sro1207_g252450 0 0 0 0
Sro120_g058290 0 0 0 0
Sro120_g058590 0 0 0 0
Sro120_g058610 0 0 0 0
Sro1211_g252840 0 0 0 0
Sro1213_g252970 0 0 0 0
Sro1214_g253010 0 0 0 0
Sro1214_g253030 0 0 0 0
Sro1215_g253110 0 0 0 0
Sro1215_g253160 0 0 0 0
Sro1218_g253330 0 0 0 0
Sro121_g058770 0 0 0 0
Sro121_g058880 0 0 0 0
Sro121_g058910 0 0 0 0
Sro121_g058920 0 0 0 0
Sro1220_g253590 0 0 0 0
Sro1221_g253620 0 0 0 0
Sro1221_g253660 0 0 0 0
Sro1221_g253700 0 0 0 0
Sro1222_g253780 0 0 0 0
Sro1223_g253910 0 0 0 0
Sro1224_g253970 0 0 0 0
Sro1224_g253980 0 0 0 0
Sro1224_g254010 0 0 0 0
Sro1226_g254180 0 0 0 0
Sro1226_g254260 0 0 0 0
Sro1228_g254430 0 0 0 0
Sro1229_g254500 0 0 0 0
Sro122_g059250 0 0 0 0
Sro122_g059300 0 0 0 0
Sro1230_g254570 0 0 0 0
Sro1231_g254630 0 0 0 0
Sro1231_g254640 0 0 0 0
Sro1235_g254980 0 0 0 0
Sro1235_g254990 0 0 0 0
Sro1236_g255110 0 0 0 0
Sro1236_g255120 0 0 0 0
Sro1238_g255210 0 0 0 0
Sro123_g059400 0 0 0 0
Sro123_g059550 0 0 0 0
Sro123_g059710 0 0 0 0
Sro1242_g255520 0 0 0 0
Sro1245_g255750 0 0 0 0
Sro1246_g255790 0 0 0 0
Sro1247_g255840 0 0 0 0
Sro1247_g255870 0 0 0 0
Sro1247_g255880 0 0 0 0
Sro1247_g255890 0 0 0 0
Sro1247_g255910 0 0 0 0
Sro124_g059790 0 0 0 0
Sro124_g059810 0 0 0 0
Sro124_g059960 0 0 0 0
Sro1251_g256110 0 0 0 0
Sro1251_g256150 0 0 0 0
Sro1253_g256330 0 0 0 0
Sro1253_g256340 0 0 0 0
Sro1256_g256560 0 0 0 0
Sro1256_g256590 0 0 0 0
Sro125_g060070 0 0 0 0
Sro125_g060140 0 0 0 0
Sro125_g060290 0 0 0 0
Sro1263_g257220 0 0 0 0
Sro1263_g257290 0 0 0 0
Sro1264_g257360 0 0 0 0
Sro1266_g257590 0 0 0 0
Sro1267_g257630 0 0 0 0
Sro1267_g257690 0 0 0 0
Sro1267_g257710 0 0 0 0
Sro1269_g257820 0 0 0 0
Sro126_g060470 0 0 0 0
Sro126_g060620 0 0 0 0
Sro126_g060650 0 0 0 0
Sro126_g060670 0 0 0 0
Sro1270_g257930 0 0 0 0
Sro1270_g257980 0 0 0 0
Sro1271_g258060 0 0 0 0
Sro1271_g258070 0 0 0 0
Sro1271_g258110 0 0 0 0
Sro1271_g258150 0 0 0 0
Sro1272_g258250 0 0 0 0
Sro1275_g258480 0 0 0 0
Sro1276_g258540 0 0 0 0
Sro1276_g258590 0 0 0 0
Sro1279_g258820 0 0 0 0
Sro127_g060730 0 0 0 0
Sro127_g060750 0 0 0 0
Sro127_g060840 0 0 0 0
Sro127_g060870 0 0 0 0
Sro1282_g258980 0 0 0 0
Sro1282_g258990 0 0 0 0
Sro1282_g259000 0 0 0 0
Sro1285_g259270 0 0 0 0
Sro1285_g259330 0 0 0 0
Sro1285_g259340 0 0 0 0
Sro1285_g259350 0 0 0 0
Sro1286_g259400 0 0 0 0
Sro1286_g259420 0 0 0 0
Sro1289_g259690 0 0 0 0
Sro128_g061150 0 0 0 0
Sro1290_g259860 0 0 0 0
Sro1292_g259990 0 0 0 0
Sro1293_g260080 0 0 0 0
Sro1296_g260330 0 0 0 0
Sro1296_g260380 0 0 0 0
Sro1297_g260450 0 0 0 0
Sro1297_g260460 0 0 0 0
Sro1298_g260560 0 0 0 0
Sro1298_g260660 0 0 0 0
Sro129_g061710 0 0 0 0
Sro12_g009270 0 0 0 0
Sro1302_g260900 0 0 0 0
Sro1303_g260970 0 0 0 0
Sro1303_g261020 0 0 0 0
Sro1305_g261160 0 0 0 0
Sro1305_g261200 0 0 0 0
Sro1305_g261210 0 0 0 0
Sro1308_g261400 0 0 0 0
Sro1308_g261490 0 0 0 0
Sro130_g061920 0 0 0 0
Sro130_g061980 0 0 0 0
Sro1312_g261840 0 0 0 0
Sro1315_g262020 0 0 0 0
Sro1315_g262100 0 0 0 0
Sro1318_g262200 0 0 0 0
Sro1319_g262240 0 0 0 0
Sro131_g062290 0 0 0 0
Sro131_g062300 0 0 0 0
Sro1321_g262470 0 0 0 0
Sro1321_g262500 0 0 0 0
Sro1321_g262510 0 0 0 0
Sro1324_g262820 0 0 0 0
Sro1325_g262850 0 0 0 0
Sro1325_g262950 0 0 0 0
Sro1325_g262970 0 0 0 0
Sro1327_g263080 0 0 0 0
Sro1327_g263100 0 0 0 0
Sro132_g062460 0 0 0 0
Sro132_g062550 0 0 0 0
Sro132_g062810 0 0 0 0
Sro1333_g263640 0 0 0 0
Sro1334_g263800 0 0 0 0
Sro1334_g263820 0 0 0 0
Sro1334_g263840 0 0 0 0
Sro1335_g263950 0 0 0 0
Sro1337_g264130 0 0 0 0
Sro133_g062850 0 0 0 0
Sro133_g062980 0 0 0 0
Sro1343_g264660 0 0 0 0
Sro1343_g264670 0 0 0 0
Sro1346_g264870 0 0 0 0
Sro134_g063400 0 0 0 0
Sro1350_g265140 0 0 0 0
Sro1351_g265250 0 0 0 0
Sro1356_g265660 0 0 0 0
Sro1357_g265760 0 0 0 0
Sro1357_g265810 0 0 0 0
Sro1358_g265900 0 0 0 0
Sro1359_g265990 0 0 0 0
Sro135_g063830 0 0 0 0
Sro135_g063860 0 0 0 0
Sro1360_g266100 0 0 0 0
Sro1360_g266140 0 0 0 0
Sro1361_g266200 0 0 0 0
Sro1361_g266230 0 0 0 0
Sro1362_g266320 0 0 0 0
Sro1365_g266550 0 0 0 0
Sro1368_g266780 0 0 0 0
Sro1368_g266830 0 0 0 0
Sro136_g063950 0 0 0 0
Sro136_g063990 0 0 0 0
Sro136_g064000 0 0 0 0
Sro136_g064030 0 0 0 0
Sro136_g064090 0 0 0 0
Sro136_g064100 0 0 0 0
Sro136_g064250 0 0 0 0
Sro1373_g267230 0 0 0 0
Sro1373_g267240 0 0 0 0
Sro1375_g267300 0 0 0 0
Sro137_g064320 0 0 0 0
Sro137_g064350 0 0 0 0
Sro1380_g267740 0 0 0 0
Sro1385_g268180 0 0 0 0
Sro1385_g268200 0 0 0 0
Sro1386_g268230 0 0 0 0
Sro1386_g268250 0 0 0 0
Sro1386_g268310 0 0 0 0
Sro1387_g268370 0 0 0 0
Sro138_g064620 0 0 0 0
Sro1392_g268890 0 0 0 0
Sro1395_g269080 0 0 0 0
Sro1395_g269100 0 0 0 0
Sro1395_g269110 0 0 0 0
Sro1398_g269230 0 0 0 0
Sro1399_g269360 0 0 0 0
Sro139_g065080 0 0 0 0
Sro139_g065190 0 0 0 0
Sro139_g065250 0 0 0 0
Sro139_g065280 0 0 0 0
Sro13_g009670 0 0 0 0
Sro13_g010050 0 0 0 0
Sro13_g010190 0 0 0 0
Sro13_g010200 0 0 0 0
Sro13_g010250 0 0 0 0
Sro1401_g269480 0 0 0 0
Sro1407_g270040 0 0 0 0
Sro1409_g270170 0 0 0 0
Sro140_g065540 0 0 0 0
Sro140_g065550 0 0 0 0
Sro1410_g270270 0 0 0 0
Sro1410_g270320 0 0 0 0
Sro1412_g270460 0 0 0 0
Sro1412_g270510 0 0 0 0
Sro1412_g270520 0 0 0 0
Sro1414_g270630 0 0 0 0
Sro1418_g270950 0 0 0 0
Sro1418_g270980 0 0 0 0
Sro141_g065720 0 0 0 0
Sro1420_g271110 0 0 0 0
Sro1421_g271230 0 0 0 0
Sro1422_g271300 0 0 0 0
Sro1422_g271320 0 0 0 0
Sro1423_g271380 0 0 0 0
Sro1425_g271540 0 0 0 0
Sro1425_g271560 0 0 0 0
Sro1428_g271840 0 0 0 0
Sro1428_g271850 0 0 0 0
Sro142_g066260 0 0 0 0
Sro142_g066330 0 0 0 0
Sro142_g066450 0 0 0 0
Sro1431_g272030 0 0 0 0
Sro1431_g272060 0 0 0 0
Sro1433_g272180 0 0 0 0
Sro1437_g272570 0 0 0 0
Sro1438_g272740 0 0 0 0
Sro143_g066650 0 0 0 0
Sro143_g066820 0 0 0 0
Sro1440_g272860 0 0 0 0
Sro1441_g272990 0 0 0 0
Sro1442_g273060 0 0 0 0
Sro1443_g273140 0 0 0 0
Sro1447_g273520 0 0 0 0
Sro144_g066980 0 0 0 0
Sro144_g067040 0 0 0 0
Sro144_g067080 0 0 0 0
Sro1450_g273790 0 0 0 0
Sro1450_g273820 0 0 0 0
Sro1452_g273920 0 0 0 0
Sro1452_g273930 0 0 0 0
Sro1452_g273940 0 0 0 0
Sro1453_g273990 0 0 0 0
Sro1455_g274130 0 0 0 0
Sro1456_g274270 0 0 0 0
Sro1458_g274400 0 0 0 0
Sro1458_g274470 0 0 0 0
Sro145_g067160 0 0 0 0
Sro145_g067220 0 0 0 0
Sro1461_g274720 0 0 0 0
Sro1469_g275310 0 0 0 0
Sro146_g067540 0 0 0 0
Sro1471_g275420 0 0 0 0
Sro1471_g275430 0 0 0 0
Sro1473_g275650 0 0 0 0
Sro1474_g275740 0 0 0 0
Sro1476_g275920 0 0 0 0
Sro1478_g276040 0 0 0 0
Sro1478_g276060 0 0 0 0
Sro147_g067930 0 0 0 0
Sro147_g068020 0 0 0 0
Sro1480_g276160 0 0 0 0
Sro1483_g276360 0 0 0 0
Sro1484_g276460 0 0 0 0
Sro1484_g276480 0 0 0 0
Sro1486_g276650 0 0 0 0
Sro1489_g276970 0 0 0 0
Sro148_g068140 0 0 0 0
Sro1490_g277040 0 0 0 0
Sro1492_g277160 0 0 0 0
Sro1492_g277200 0 0 0 0
Sro1497_g277560 0 0 0 0
Sro1499_g277730 0 0 0 0
Sro1499_g277760 0 0 0 0
Sro1499_g277780 0 0 0 0
Sro149_g068460 0 0 0 0
Sro149_g068530 0 0 0 0
Sro14_g010400 0 0 0 0
Sro14_g010510 0 0 0 0
Sro14_g010610 0 0 0 0
Sro14_g010690 0 0 0 0
Sro14_g010790 0 0 0 0
Sro14_g010810 0 0 0 0
Sro1504_g278050 0 0 0 0
Sro1506_g278280 0 0 0 0
Sro1508_g278450 0 0 0 0
Sro1510_g278660 0 0 0 0
Sro1514_g278930 0 0 0 0
Sro1515_g279040 0 0 0 0
Sro1515_g279060 0 0 0 0
Sro151_g069030 0 0 0 0
Sro151_g069110 0 0 0 0
Sro151_g069120 0 0 0 0
Sro151_g069240 0 0 0 0
Sro1520_g279360 0 0 0 0
Sro1521_g279430 0 0 0 0
Sro1523_g279550 0 0 0 0
Sro1523_g279560 0 0 0 0
Sro1525_g279710 0 0 0 0
Sro1527_g279840 0 0 0 0
Sro1528_g280020 0 0 0 0
Sro152_g069370 0 0 0 0
Sro152_g069430 0 0 0 0
Sro152_g069480 0 0 0 0
Sro1530_g280120 0 0 0 0
Sro1532_g280230 0 0 0 0
Sro1533_g280290 0 0 0 0
Sro1533_g280300 0 0 0 0
Sro1533_g280350 0 0 0 0
Sro1535_g280560 0 0 0 0
Sro1536_g280610 0 0 0 0
Sro153_g069670 0 0 0 0
Sro153_g069810 0 0 0 0
Sro1540_g280870 0 0 0 0
Sro1541_g280930 0 0 0 0
Sro1542_g280990 0 0 0 0
Sro1542_g281080 0 0 0 0
Sro1545_g281280 0 0 0 0
Sro1547_g281470 0 0 0 0
Sro1547_g281500 0 0 0 0
Sro1548_g281550 0 0 0 0
Sro1550_g281690 0 0 0 0
Sro1552_g281850 0 0 0 0
Sro1553_g281950 0 0 0 0
Sro1554_g282080 0 0 0 0
Sro1558_g282310 0 0 0 0
Sro1559_g282430 0 0 0 0
Sro1559_g282440 0 0 0 0
Sro155_g070410 0 0 0 0
Sro1563_g282730 0 0 0 0
Sro1565_g282790 0 0 0 0
Sro1565_g282820 0 0 0 0
Sro1565_g282830 0 0 0 0
Sro1565_g282840 0 0 0 0
Sro1565_g282850 0 0 0 0
Sro1565_g282860 0 0 0 0
Sro1565_g282870 0 0 0 0
Sro1569_g283170 0 0 0 0
Sro156_g070780 0 0 0 0
Sro156_g070870 0 0 0 0
Sro1570_g283220 0 0 0 0
Sro1571_g283330 0 0 0 0
Sro1577_g283540 0 0 0 0
Sro157_g071100 0 0 0 0
Sro157_g071110 0 0 0 0
Sro157_g071360 0 0 0 0
Sro1581_g283780 0 0 0 0
Sro1582_g283860 0 0 0 0
Sro1582_g283880 0 0 0 0
Sro1584_g284050 0 0 0 0
Sro1585_g284080 0 0 0 0
Sro1585_g284160 0 0 0 0
Sro158_g071420 0 0 0 0
Sro158_g071580 0 0 0 0
Sro1596_g284760 0 0 0 0
Sro1598_g284920 0 0 0 0
Sro159_g071890 0 0 0 0
Sro159_g071900 0 0 0 0
Sro15_g010950 0 0 0 0
Sro15_g010960 0 0 0 0
Sro15_g011000 0 0 0 0
Sro15_g011050 0 0 0 0
Sro15_g011180 0 0 0 0
Sro15_g011200 0 0 0 0
Sro15_g011250 0 0 0 0
Sro15_g011340 0 0 0 0
Sro1601_g285210 0 0 0 0
Sro1604_g285340 0 0 0 0
Sro1607_g285590 0 0 0 0
Sro1608_g285710 0 0 0 0
Sro1610_g285790 0 0 0 0
Sro1610_g285810 0 0 0 0
Sro1610_g285820 0 0 0 0
Sro1610_g285870 0 0 0 0
Sro1612_g285940 0 0 0 0
Sro1618_g286370 0 0 0 0
Sro1618_g286400 0 0 0 0
Sro1629_g287090 0 0 0 0
Sro162_g072700 0 0 0 0
Sro162_g072710 0 0 0 0
Sro162_g072720 0 0 0 0
Sro1630_g287180 0 0 0 0
Sro1631_g287240 0 0 0 0
Sro1632_g287310 0 0 0 0
Sro1634_g287430 0 0 0 0
Sro1634_g287440 0 0 0 0
Sro1634_g287490 0 0 0 0
Sro1637_g287620 0 0 0 0
Sro1638_g287720 0 0 0 0
Sro163_g073050 0 0 0 0
Sro163_g073070 0 0 0 0
Sro163_g073290 0 0 0 0
Sro163_g073360 0 0 0 0
Sro1642_g288010 0 0 0 0
Sro1645_g288240 0 0 0 0
Sro1646_g288310 0 0 0 0
Sro164_g073640 0 0 0 0
Sro164_g073660 0 0 0 0
Sro164_g073680 0 0 0 0
Sro1654_g288920 0 0 0 0
Sro1655_g289000 0 0 0 0
Sro1659_g289240 0 0 0 0
Sro165_g073830 0 0 0 0
Sro165_g073850 0 0 0 0
Sro165_g073920 0 0 0 0
Sro165_g073970 0 0 0 0
Sro1663_g289440 0 0 0 0
Sro1663_g289460 0 0 0 0
Sro1663_g289470 0 0 0 0
Sro1665_g289590 0 0 0 0
Sro1666_g289740 0 0 0 0
Sro1668_g289870 0 0 0 0
Sro1668_g289900 0 0 0 0
Sro166_g074060 0 0 0 0
Sro166_g074110 0 0 0 0
Sro166_g074250 0 0 0 0
Sro1671_g290030 0 0 0 0
Sro1671_g290040 0 0 0 0
Sro1672_g290140 0 0 0 0
Sro1672_g290150 0 0 0 0
Sro1673_g290240 0 0 0 0
Sro1676_g290490 0 0 0 0
Sro167_g074340 0 0 0 0
Sro167_g074570 0 0 0 0
Sro167_g074630 0 0 0 0
Sro1686_g291180 0 0 0 0
Sro1688_g291280 0 0 0 0
Sro1689_g291320 0 0 0 0
Sro168_g074700 0 0 0 0
Sro168_g074880 0 0 0 0
Sro1691_g291450 0 0 0 0
Sro1691_g291460 0 0 0 0
Sro1692_g291510 0 0 0 0
Sro1695_g291710 0 0 0 0
Sro1695_g291780 0 0 0 0
Sro1697_g291870 0 0 0 0
Sro1698_g291930 0 0 0 0
Sro1699_g292020 0 0 0 0
Sro16_g011520 0 0 0 0
Sro16_g011590 0 0 0 0
Sro16_g011980 0 0 0 0
Sro1703_g292290 0 0 0 0
Sro1706_g292490 0 0 0 0
Sro1707_g292650 0 0 0 0
Sro1708_g292680 0 0 0 0
Sro1709_g292700 0 0 0 0
Sro1709_g292730 0 0 0 0
Sro1712_g292910 0 0 0 0
Sro1716_g293190 0 0 0 0
Sro1716_g293200 0 0 0 0
Sro1718_g293350 0 0 0 0
Sro1719_g293450 1 0 0 1
Sro171_g075710 0 0 0 0
Sro1721_g293510 0 0 0 0
Sro1724_g293660 0 0 0 0
Sro1727_g293870 0 0 0 0
Sro1727_g293920 0 0 0 0
Sro1729_g294060 0 0 0 0
Sro1730_g294090 0 0 0 0
Sro1730_g294110 0 0 0 0
Sro1730_g294120 0 0 0 0
Sro1732_g294160 0 0 0 0
Sro1734_g294290 0 0 0 0
Sro1736_g294400 0 0 0 0
Sro1737_g294470 0 0 0 0
Sro173_g076200 0 0 0 0
Sro1740_g294600 0 0 0 0
Sro1741_g294610 0 0 0 0
Sro1743_g294820 0 0 0 0
Sro1743_g294830 0 0 0 0
Sro174_g076630 0 0 0 0
Sro174_g076690 0 0 0 0
Sro174_g076810 0 0 0 0
Sro174_g076820 0 0 0 0
Sro1751_g295270 0 0 0 0
Sro1753_g295400 0 0 0 0
Sro1755_g295550 0 0 0 0
Sro1755_g295570 0 0 0 0
Sro1759_g295820 0 0 0 0
Sro175_g077070 0 0 0 0
Sro1760_g295830 0 0 0 0
Sro1762_g295960 0 0 0 0
Sro1764_g296070 0 0 0 0
Sro1767_g296290 0 0 0 0
Sro1769_g296410 0 0 0 0
Sro176_g077200 0 0 0 0
Sro176_g077340 0 0 0 0
Sro176_g077530 0 0 0 0
Sro1777_g296950 0 0 0 0
Sro177_g077610 0 0 0 0
Sro177_g077620 0 0 0 0
Sro177_g077680 0 0 0 0
Sro177_g077700 0 0 0 0
Sro177_g077730 0 0 0 0
Sro177_g077860 0 0 0 0
Sro177_g077940 0 0 0 0
Sro1781_g297090 0 0 0 0
Sro1781_g297100 0 0 0 0
Sro1782_g297130 0 0 0 0
Sro1782_g297140 0 0 0 0
Sro1782_g297180 0 0 0 0
Sro1782_g297190 0 0 0 0
Sro1783_g297250 0 0 0 0
Sro1784_g297310 0 0 0 0
Sro1786_g297410 0 0 0 0
Sro1786_g297430 0 0 0 0
Sro178_g078120 0 0 0 0
Sro1791_g297770 0 0 0 0
Sro1792_g297890 0 0 0 0
Sro1795_g298050 0 0 0 0
Sro1799_g298320 0 0 0 0
Sro179_g078350 0 0 0 0
Sro179_g078500 0 0 0 0
Sro17_g012030 0 0 0 0
Sro17_g012040 0 0 0 0
Sro17_g012090 0 0 0 0
Sro17_g012240 0 0 0 0
Sro17_g012330 0 0 0 0
Sro17_g012450 0 0 0 0
Sro17_g012470 0 0 0 0
Sro17_g012530 0 0 0 0
Sro17_g012540 0 0 0 0
Sro1802_g298540 0 0 0 0
Sro1803_g298600 0 0 0 0
Sro1806_g298910 0 0 0 0
Sro1807_g298950 0 0 0 0
Sro180_g078690 0 0 0 0
Sro180_g078710 0 0 0 0
Sro180_g078750 0 0 0 0
Sro180_g078870 0 0 0 0
Sro180_g078880 0 0 0 0
Sro180_g078910 0 0 0 0
Sro1810_g299130 0 0 0 0
Sro1815_g299440 0 0 0 0
Sro181_g079140 0 0 0 0
Sro1824_g300030 0 0 0 0
Sro1825_g300060 0 0 0 0
Sro182_g079350 0 0 0 0
Sro182_g079400 0 0 0 0
Sro182_g079460 0 0 0 0
Sro182_g079480 0 0 0 0
Sro182_g079490 0 0 0 0
Sro1832_g300420 0 0 0 0
Sro1835_g300590 0 0 0 0
Sro1835_g300620 0 0 0 0
Sro183_g079580 0 0 0 0
Sro1841_g300960 0 0 0 0
Sro1842_g301100 0 0 0 0
Sro1843_g301210 0 0 0 0
Sro1848_g301480 0 0 0 0
Sro184_g080050 0 0 0 0
Sro184_g080150 0 0 0 0
Sro1852_g301710 0 0 0 0
Sro1852_g301730 0 0 0 0
Sro1852_g301750 0 0 0 0
Sro1853_g301820 0 0 0 0
Sro1860_g302140 0 0 0 0
Sro1862_g302270 0 0 0 0
Sro1866_g302510 0 0 0 0
Sro1867_g302550 0 0 0 0
Sro186_g080730 0 0 0 0
Sro1872_g302760 0 0 0 0
Sro1872_g302840 0 0 0 0
Sro1879_g303160 0 0 0 0
Sro187_g080810 0 0 0 0
Sro187_g080820 0 0 0 0
Sro187_g080990 0 0 0 0
Sro1880_g303190 0 0 0 0
Sro1882_g303360 0 0 0 0
Sro1885_g303540 0 0 0 0
Sro1888_g303620 0 0 0 0
Sro188_g081120 0 0 0 0
Sro189_g081370 0 0 0 0
Sro189_g081380 0 0 0 0
Sro189_g081410 0 0 0 0
Sro189_g081480 0 0 0 0
Sro189_g081490 0 0 0 0
Sro189_g081560 0 0 0 0
Sro189_g081580 0 0 0 0
Sro189_g081600 0 0 0 0
Sro18_g012700 0 0 0 0
Sro18_g012850 0 0 0 0
Sro18_g012910 0 0 0 0
Sro18_g012970 0 0 0 0
Sro18_g012980 0 0 0 0
Sro1901_g304290 0 0 0 0
Sro1901_g304360 0 0 0 0
Sro1902_g304420 0 0 0 0
Sro1904_g304550 0 0 0 0
Sro190_g081700 0 0 0 0
Sro190_g081800 0 0 0 0
Sro190_g081840 0 0 0 0
Sro1910_g304850 0 0 0 0
Sro1910_g304860 0 0 0 0
Sro1912_g304960 0 0 0 0
Sro1919_g305430 0 0 0 0
Sro1919_g305480 0 0 0 0
Sro191_g082200 0 0 0 0
Sro191_g082260 0 0 0 0
Sro1921_g305540 0 0 0 0
Sro1925_g305790 0 0 0 0
Sro1925_g305830 0 0 0 0
Sro1926_g305850 0 0 0 0
Sro192_g082510 0 0 0 0
Sro1933_g306240 0 0 0 0
Sro1934_g306320 0 0 0 0
Sro1938_g306490 0 0 0 0
Sro1939_g306560 0 0 0 0
Sro193_g082610 0 0 0 0
Sro1940_g306590 0 0 0 0
Sro1942_g306710 0 0 0 0
Sro1943_g306870 0 0 0 0
Sro1944_g306900 0 0 0 0
Sro1946_g307010 0 0 0 0
Sro1947_g307150 0 0 0 0
Sro1949_g307300 0 0 0 0
Sro1949_g307310 0 0 0 0
Sro194_g082710 0 0 0 0
Sro194_g082730 0 0 0 0
Sro1950_g307360 0 0 0 0
Sro1952_g307430 0 0 0 0
Sro1952_g307440 0 0 0 0
Sro1955_g307740 0 0 0 0
Sro1958_g307840 0 0 0 0
Sro1959_g307930 0 0 0 0
Sro195_g083100 0 0 0 0
Sro195_g083280 0 0 0 0
Sro1960_g308020 0 0 0 0
Sro1964_g308200 0 0 0 0
Sro1967_g308360 0 0 0 0
Sro1968_g308420 0 0 0 0
Sro196_g083480 0 0 0 0
Sro196_g083490 0 0 0 0
Sro196_g083590 0 0 0 0
Sro1973_g308680 0 0 0 0
Sro1976_g308840 0 0 0 0
Sro1977_g308940 0 0 0 0
Sro1977_g308960 0 0 0 0
Sro197_g083840 0 0 0 0
Sro1982_g309180 0 0 0 0
Sro1985_g309480 0 0 0 0
Sro1987_g309540 0 0 0 0
Sro1988_g309640 0 0 0 0
Sro198_g084260 0 0 0 0
Sro1992_g309860 0 0 0 0
Sro1999_g310160 0 0 0 0
Sro199_g084420 0 0 0 0
Sro199_g084450 0 0 0 0
Sro199_g084530 0 0 0 0
Sro19_g013220 0 0 0 0
Sro19_g013330 0 0 0 0
Sro19_g013430 0 0 0 0
Sro19_g013480 0 0 0 0
Sro19_g013660 0 0 0 0
Sro19_g013710 0 0 0 0
Sro1_g000020 0 0 0 0
Sro1_g000110 0 0 0 0
Sro1_g000150 0 0 0 0
Sro1_g000240 0 0 0 0
Sro1_g000260 1 0 0 1
Sro1_g000660 0 0 0 0
Sro1_g000680 0 0 0 0
Sro1_g000780 0 0 0 0
Sro1_g000820 0 0 0 0
Sro2003_g310350 0 0 0 0
Sro2003_g310360 0 0 0 0
Sro2004_g310420 0 0 0 0
Sro2005_g310500 0 0 0 0
Sro2005_g310520 0 0 0 0
Sro200_g084660 0 0 0 0
Sro200_g084720 0 0 0 0
Sro200_g084840 0 0 0 0
Sro2010_g310830 0 0 0 0
Sro2015_g311040 0 0 0 0
Sro2015_g311090 0 0 0 0
Sro2016_g311150 0 0 0 0
Sro201_g084950 0 0 0 0
Sro201_g085020 0 0 0 0
Sro201_g085080 0 0 0 0
Sro201_g085110 0 0 0 0
Sro2021_g311390 0 0 0 0
Sro2021_g311400 0 0 0 0
Sro2022_g311540 0 0 0 0
Sro2024_g311620 0 0 0 0
Sro2026_g311680 0 0 0 0
Sro2032_g311890 0 0 0 0
Sro203_g085540 0 0 0 0
Sro203_g085600 0 0 0 0
Sro203_g085650 0 0 0 0
Sro2040_g312200 0 0 0 0
Sro2041_g312210 0 0 0 0
Sro2041_g312230 0 0 0 0
Sro2041_g312240 0 0 0 0
Sro2041_g312270 0 0 0 0
Sro2043_g312340 0 0 0 0
Sro2046_g312470 0 0 0 0
Sro2049_g312550 0 0 0 0
Sro204_g085950 0 0 0 0
Sro2055_g312770 0 0 0 0
Sro2055_g312790 0 0 0 0
Sro205_g086160 0 0 0 0
Sro2060_g312910 0 0 0 0
Sro2061_g312980 0 0 0 0
Sro2061_g312990 0 0 0 0
Sro2062_g313050 0 0 0 0
Sro206_g086590 0 0 0 0
Sro2072_g313460 0 0 0 0
Sro2072_g313480 0 0 0 0
Sro2078_g313640 0 0 0 0
Sro207_g086730 0 0 0 0
Sro207_g086990 0 0 0 0
Sro2080_g313720 0 0 0 0
Sro2089_g313970 0 0 0 0
Sro208_g087150 0 0 0 0
Sro2091_g314000 0 0 0 0
Sro2094_g314180 0 0 0 0
Sro2097_g314350 0 0 0 0
Sro2099_g314440 0 0 0 0
Sro2099_g314450 0 0 0 0
Sro209_g087380 0 0 0 0
Sro20_g014130 0 0 0 0
Sro20_g014210 0 0 0 0
Sro20_g014230 0 0 0 0
Sro20_g014290 0 0 0 0
Sro20_g014450 0 0 0 0
Sro2100_g314510 0 0 0 0
Sro2100_g314520 0 0 0 0
Sro2103_g314680 0 0 0 0
Sro2104_g314710 0 0 0 0
Sro2105_g314780 0 0 0 0
Sro210_g087560 0 0 0 0
Sro210_g087620 0 0 0 0
Sro210_g087700 0 0 0 0
Sro2113_g315020 0 0 0 0
Sro2113_g315050 0 0 0 0
Sro2115_g315160 0 0 0 0
Sro211_g087830 0 0 0 0
Sro2126_g315740 0 0 0 0
Sro2129_g315800 0 0 0 0
Sro2129_g315810 0 0 0 0
Sro212_g088120 0 0 0 0
Sro212_g088200 0 0 0 0
Sro2137_g316050 0 0 0 0
Sro213_g088450 0 0 0 0
Sro213_g088550 0 0 0 0
Sro213_g088590 0 0 0 0
Sro213_g088600 0 0 0 0
Sro2140_g316190 0 0 0 0
Sro2144_g316300 0 0 0 0
Sro2144_g316310 0 0 0 0
Sro2145_g316380 0 0 0 0
Sro2146_g316410 0 0 0 0
Sro2146_g316460 0 0 0 0
Sro2147_g316520 0 0 0 0
Sro2149_g316590 0 0 0 0
Sro2150_g316670 0 0 0 0
Sro2151_g316730 0 0 0 0
Sro2153_g316770 0 0 0 0
Sro2159_g316990 0 0 0 0
Sro215_g089050 0 0 0 0
Sro2161_g317100 0 0 0 0
Sro2166_g317300 0 0 0 0
Sro2169_g317350 0 0 0 0
Sro216_g089510 0 0 0 0
Sro216_g089540 0 0 0 0
Sro2173_g317570 0 0 0 0
Sro2174_g317650 0 0 0 0
Sro217_g089660 0 0 0 0
Sro2183_g318060 0 0 0 0
Sro2189_g318240 0 0 0 0
Sro218_g090030 0 0 0 0
Sro218_g090090 0 0 0 0
Sro2196_g318590 0 0 0 0
Sro2196_g318640 0 0 0 0
Sro2197_g318650 0 0 0 0
Sro2199_g318760 0 0 0 0
Sro2199_g318770 0 0 0 0
Sro219_g090500 0 0 0 0
Sro21_g014560 0 0 0 0
Sro21_g014570 0 0 0 0
Sro21_g014740 0 0 0 0
Sro21_g014910 0 0 0 0
Sro2200_g318800 0 0 0 0
Sro2207_g319070 0 0 0 0
Sro2207_g319120 0 0 0 0
Sro220_g090720 0 0 0 0
Sro220_g090740 0 0 0 0
Sro2216_g319410 0 0 0 0
Sro2218_g319530 0 0 0 0
Sro2218_g319560 0 0 0 0
Sro221_g090900 0 0 0 0
Sro221_g091100 0 0 0 0
Sro2223_g319690 0 0 0 0
Sro2224_g319740 0 0 0 0
Sro2224_g319750 0 0 0 0
Sro222_g091130 0 0 0 0
Sro2238_g320220 0 0 0 0
Sro223_g091480 0 0 0 0
Sro2241_g320350 0 0 0 0
Sro2243_g320480 0 0 0 0
Sro2244_g320530 0 0 0 0
Sro2247_g320600 0 0 0 0
Sro2248_g320660 0 0 0 0
Sro2249_g320760 0 0 0 0
Sro2249_g320770 0 0 0 0
Sro224_g091530 0 0 0 0
Sro224_g091660 0 0 0 0
Sro2256_g321090 0 0 0 0
Sro225_g091790 0 0 0 0
Sro225_g091830 0 0 0 0
Sro225_g091910 0 0 0 0
Sro226_g091940 0 0 0 0
Sro226_g092060 0 0 0 0
Sro2272_g321450 0 0 0 0
Sro2272_g321480 0 0 0 0
Sro2274_g321560 0 0 0 0
Sro227_g092200 0 0 0 0
Sro227_g092280 0 0 0 0
Sro227_g092350 0 0 0 0
Sro2280_g321770 0 0 0 0
Sro2280_g321780 0 0 0 0
Sro2282_g321840 0 0 0 0
Sro2284_g321870 0 0 0 0
Sro2288_g322060 0 0 0 0
Sro228_g092720 0 0 0 0
Sro2291_g322200 0 0 0 0
Sro2299_g322460 0 0 0 0
Sro229_g092920 0 0 0 0
Sro229_g093190 0 0 0 0
Sro22_g015080 0 0 0 0
Sro22_g015090 0 0 0 0
Sro22_g015230 0 0 0 0
Sro22_g015360 0 0 0 0
Sro22_g015440 0 0 0 0
Sro22_g015460 0 0 0 0
Sro22_g015480 0 0 0 0
Sro2309_g322800 0 0 0 0
Sro2311_g322810 0 0 0 0
Sro2314_g322890 0 0 0 0
Sro2318_g323050 0 0 0 0
Sro231_g093560 0 0 0 0
Sro231_g093580 0 0 0 0
Sro232_g093800 0 0 0 0
Sro232_g093960 0 0 0 0
Sro232_g093970 0 0 0 0
Sro232_g094040 0 0 0 0
Sro232_g094050 0 0 0 0
Sro2334_g323750 0 0 0 0
Sro2338_g323900 0 0 0 0
Sro2339_g323990 0 0 0 0
Sro233_g094190 0 0 0 0
Sro233_g094270 0 0 0 0
Sro2340_g324030 0 0 0 0
Sro2341_g324070 0 0 0 0
Sro2348_g324330 0 0 0 0
Sro234_g094310 0 0 0 0
Sro234_g094330 0 0 0 0
Sro234_g094420 0 0 0 0
Sro234_g094430 0 0 0 0
Sro234_g094440 0 0 0 0
Sro234_g094580 0 0 0 0
Sro2352_g324410 0 0 0 0
Sro2352_g324420 0 0 0 0
Sro2353_g324460 1 0 0 1
Sro2353_g324480 0 0 0 0
Sro2357_g324570 0 0 0 0
Sro2358_g324660 0 0 0 0
Sro2359_g324720 0 0 0 0
Sro235_g094710 0 0 0 0
Sro235_g094810 0 0 0 0
Sro2365_g325050 0 0 0 0
Sro236_g094900 0 0 0 0
Sro2370_g325160 0 0 0 0
Sro237_g095320 0 0 0 0
Sro2383_g325640 0 0 0 0
Sro2383_g325650 0 0 0 0
Sro2383_g325670 0 0 0 0
Sro2386_g325760 0 0 0 0
Sro238_g095610 0 0 0 0
Sro2395_g325930 0 0 0 0
Sro2395_g325940 0 0 0 0
Sro2396_g325960 0 0 0 0
Sro2396_g325980 0 0 0 0
Sro239_g095820 0 0 0 0
Sro239_g095860 0 0 0 0
Sro23_g015680 0 0 0 0
Sro23_g015800 0 0 0 0
Sro23_g016010 0 0 0 0
Sro23_g016110 0 0 0 0
Sro2403_g326390 0 0 0 0
Sro2407_g326580 0 0 0 0
Sro240_g096110 0 0 0 0
Sro240_g096140 0 0 0 0
Sro2418_g327010 0 0 0 0
Sro241_g096260 0 0 0 0
Sro2426_g327300 0 0 0 0
Sro2427_g327340 0 0 0 0
Sro242_g096560 0 0 0 0
Sro242_g096710 0 0 0 0
Sro242_g096720 0 0 0 0
Sro2430_g327450 0 0 0 0
Sro2430_g327460 0 0 0 0
Sro2430_g327470 0 0 0 0
Sro243_g096760 0 0 0 0
Sro243_g096970 0 0 0 0
Sro243_g097020 0 0 0 0
Sro2445_g327890 0 0 0 0
Sro245_g097360 0 0 0 0
Sro245_g097450 0 0 0 0
Sro245_g097460 0 0 0 0
Sro245_g097470 0 0 0 0
Sro2462_g328350 0 0 0 0
Sro2463_g328380 0 0 0 0
Sro2463_g328390 0 0 0 0
Sro246_g097600 0 0 0 0
Sro246_g097730 0 0 0 0
Sro246_g097770 0 0 0 0
Sro246_g097820 0 0 0 0
Sro246_g097880 0 0 0 0
Sro2473_g328690 0 0 0 0
Sro2478_g328820 0 0 0 0
Sro247_g098080 0 0 0 0
Sro2481_g328870 0 0 0 0
Sro2482_g328890 0 0 0 0
Sro2483_g328940 0 0 0 0
Sro2487_g329060 0 0 0 0
Sro248_g098340 0 0 0 0
Sro249_g098600 0 0 0 0
Sro249_g098790 0 0 0 0
Sro24_g016270 0 0 0 0
Sro24_g016330 0 0 0 0
Sro24_g016520 0 0 0 0
Sro24_g016670 0 0 0 0
Sro2502_g329500 0 0 0 0
Sro2502_g329510 0 0 0 0
Sro2502_g329530 0 0 0 0
Sro2504_g329610 0 0 0 0
Sro2504_g329630 0 0 0 0
Sro2504_g329640 0 0 0 0
Sro2504_g329650 0 0 0 0
Sro2506_g329670 0 0 0 0
Sro2507_g329710 0 0 0 0
Sro2509_g329760 0 0 0 0
Sro250_g098970 0 0 0 0
Sro2510_g329820 0 0 0 0
Sro2513_g329850 0 0 0 0
Sro2513_g329860 0 0 0 0
Sro2516_g329970 0 0 0 0
Sro2516_g329980 0 0 0 0
Sro2517_g330020 0 0 0 0
Sro251_g099230 0 0 0 0
Sro251_g099270 0 0 0 0
Sro251_g099430 0 0 0 0
Sro2520_g330170 0 0 0 0
Sro2528_g330370 0 0 0 0
Sro252_g099510 0 0 0 0
Sro2539_g330600 0 0 0 0
Sro253_g099750 0 0 0 0
Sro253_g099820 0 0 0 0
Sro253_g099910 0 0 0 0
Sro253_g099930 0 0 0 0
Sro253_g099940 0 0 0 0
Sro2541_g330660 0 0 0 0
Sro2549_g330910 0 0 0 0
Sro254_g100130 0 0 0 0
Sro2550_g330920 0 0 0 0
Sro2550_g330940 0 0 0 0
Sro2552_g331000 0 0 0 0
Sro2553_g331030 0 0 0 0
Sro2566_g331420 0 0 0 0
Sro2566_g331460 0 0 0 0
Sro256_g100630 0 0 0 0
Sro2573_g331710 0 0 0 0
Sro257_g100780 0 0 0 0
Sro257_g100890 0 0 0 0
Sro257_g100980 0 0 0 0
Sro2580_g331850 0 0 0 0
Sro2585_g331900 0 0 0 0
Sro258_g101130 0 0 0 0
Sro258_g101200 0 0 0 0
Sro2597_g332150 0 0 0 0
Sro259_g101210 0 0 0 0
Sro25_g016710 0 0 0 0
Sro25_g016910 0 0 0 0
Sro25_g017050 0 0 0 0
Sro2605_g332430 0 0 0 0
Sro2609_g332500 0 0 0 0
Sro2609_g332510 0 0 0 0
Sro260_g101580 0 0 0 0
Sro260_g101630 0 0 0 0
Sro260_g101670 0 0 0 0
Sro2618_g332790 0 0 0 0
Sro261_g101860 0 0 0 0
Sro2631_g333170 0 0 0 0
Sro2635_g333300 0 0 0 0
Sro263_g102130 0 0 0 0
Sro263_g102270 0 0 0 0
Sro263_g102370 0 0 0 0
Sro2643_g333510 0 0 0 0
Sro2646_g333580 0 0 0 0
Sro2649_g333660 0 0 0 0
Sro264_g102470 0 0 0 0
Sro264_g102520 0 0 0 0
Sro264_g102580 0 0 0 0
Sro264_g102650 0 0 0 0
Sro2653_g333740 0 0 0 0
Sro2655_g333840 0 0 0 0
Sro265_g102690 0 0 0 0
Sro265_g102700 0 0 0 0
Sro265_g102760 0 0 0 0
Sro2660_g333970 0 0 0 0
Sro2663_g334060 0 0 0 0
Sro2665_g334110 0 0 0 0
Sro266_g103170 0 0 0 0
Sro266_g103250 0 0 0 0
Sro2682_g334520 0 0 0 0
Sro268_g103830 0 0 0 0
Sro268_g103840 0 0 0 0
Sro2691_g334760 0 0 0 0
Sro2695_g334900 0 0 0 0
Sro2697_g334960 0 0 0 0
Sro269_g104000 0 0 0 0
Sro26_g017510 0 0 0 0
Sro26_g017650 0 0 0 0
Sro26_g017790 0 0 0 0
Sro26_g017800 0 0 0 0
Sro2702_g335120 0 0 0 0
Sro2717_g335380 0 0 0 0
Sro271_g104470 0 0 0 0
Sro271_g104570 0 0 0 0
Sro272_g104760 0 0 0 0
Sro272_g104770 0 0 0 0
Sro272_g104830 0 0 0 0
Sro273_g104990 0 0 0 0
Sro273_g105160 0 0 0 0
Sro2744_g336050 0 0 0 0
Sro2745_g336080 0 0 0 0
Sro274_g105520 0 0 0 0
Sro274_g105530 0 0 0 0
Sro274_g105580 0 0 0 0
Sro275_g105650 0 0 0 0
Sro275_g105800 0 0 0 0
Sro2760_g336400 0 0 0 0
Sro2760_g336410 0 0 0 0
Sro2764_g336590 0 0 0 0
Sro2769_g336710 0 0 0 0
Sro276_g105990 0 0 0 0
Sro2775_g336830 0 0 0 0
Sro277_g106330 0 0 0 0
Sro277_g106380 0 0 0 0
Sro277_g106410 0 0 0 0
Sro2786_g337050 0 0 0 0
Sro278_g106510 0 0 0 0
Sro2794_g337280 0 0 0 0
Sro2795_g337320 0 0 0 0
Sro2798_g337340 0 0 0 0
Sro27_g018060 0 0 0 0
Sro27_g018120 0 0 0 0
Sro27_g018260 0 0 0 0
Sro27_g018350 0 0 0 0
Sro27_g018490 0 0 0 0
Sro2800_g337350 0 0 0 0
Sro2803_g337430 0 0 0 0
Sro2805_g337510 0 0 0 0
Sro2808_g337570 0 0 0 0
Sro280_g106970 0 0 0 0
Sro281_g107170 0 0 0 0
Sro281_g107210 0 0 0 0
Sro281_g107280 0 0 0 0
Sro281_g107300 0 0 0 0
Sro2822_g337960 0 0 0 0
Sro2827_g338060 0 0 0 0
Sro2833_g338170 0 0 0 0
Sro2843_g338320 0 0 0 0
Sro284_g107970 0 0 0 0
Sro284_g107980 0 0 0 0
Sro285_g108090 0 0 0 0
Sro285_g108120 0 0 0 0
Sro2862_g338820 0 0 0 0
Sro2863_g338870 0 0 0 0
Sro286_g108440 0 0 0 0
Sro286_g108450 0 0 0 0
Sro2870_g339100 0 0 0 0
Sro287_g108640 0 0 0 0
Sro287_g108670 0 0 0 0
Sro2880_g339230 0 0 0 0
Sro2882_g339270 1 0 0 1
Sro2882_g339280 0 0 0 0
Sro2882_g339290 0 0 0 0
Sro2885_g339360 0 0 0 0
Sro288_g108780 0 0 0 0
Sro2890_g339530 0 0 0 0
Sro289_g109080 0 0 0 0
Sro28_g018510 0 0 0 0
Sro28_g018560 0 0 0 0
Sro28_g018830 0 0 0 0
Sro2902_g339850 0 0 0 0
Sro2905_g339940 0 0 0 0
Sro2910_g340110 0 0 0 0
Sro2920_g340270 0 0 0 0
Sro292_g109540 0 0 0 0
Sro292_g109570 0 0 0 0
Sro292_g109590 0 0 0 0
Sro2935_g340540 0 0 0 0
Sro2938_g340620 0 0 0 0
Sro2938_g340640 0 0 0 0
Sro2940_g340690 0 0 0 0
Sro294_g110100 0 0 0 0
Sro294_g110260 0 0 0 0
Sro296_g110690 0 0 0 0
Sro2973_g341240 0 0 0 0
Sro2975_g341320 0 0 0 0
Sro2976_g341380 0 0 0 0
Sro297_g110820 0 0 0 0
Sro297_g110920 0 0 0 0
Sro297_g110950 0 0 0 0
Sro297_g110960 0 0 0 0
Sro297_g110970 0 0 0 0
Sro298_g111030 0 0 0 0
Sro298_g111040 0 0 0 0
Sro298_g111090 0 0 0 0
Sro299_g111410 0 0 0 0
Sro299_g111420 0 0 0 0
Sro299_g111480 0 0 0 0
Sro29_g019150 0 0 0 0
Sro29_g019220 0 0 0 0
Sro2_g001270 0 0 0 0
Sro2_g001350 0 0 0 0
Sro2_g001520 0 0 0 0
Sro2_g001540 0 0 0 0
Sro2_g001590 0 0 0 0
Sro2_g001750 0 0 0 0
Sro2_g001800 0 0 0 0
Sro2_g001830 0 0 0 0
Sro300_g111680 0 0 0 0
Sro300_g111690 0 0 0 0
Sro300_g111700 0 0 0 0
Sro300_g111790 0 0 0 0
Sro3019_g342180 0 0 0 0
Sro301_g111870 0 0 0 0
Sro3029_g342490 0 0 0 0
Sro302_g112100 0 0 0 0
Sro302_g112120 0 0 0 0
Sro302_g112150 0 0 0 0
Sro302_g112190 0 0 0 0
Sro3039_g342640 0 0 0 0
Sro305_g112850 0 0 0 0
Sro305_g112860 0 0 0 0
Sro3068_g343130 0 0 0 0
Sro3072_g343220 0 0 0 0
Sro3074_g343260 0 0 0 0
Sro307_g113170 0 0 0 0
Sro307_g113390 0 0 0 0
Sro308_g113610 0 0 0 0
Sro3090_g343530 0 0 0 0
Sro3094_g343620 0 0 0 0
Sro309_g113900 0 0 0 0
Sro30_g019500 1 0 0 1
Sro30_g019760 0 0 0 0
Sro30_g019920 0 0 0 0
Sro3102_g343800 0 0 0 0
Sro3104_g343830 0 0 0 0
Sro3109_g343910 0 0 0 0
Sro3112_g343980 0 0 0 0
Sro3116_g344090 0 0 0 0
Sro3119_g344160 0 0 0 0
Sro311_g114280 0 0 0 0
Sro311_g114300 0 0 0 0
Sro311_g114310 0 0 0 0
Sro3120_g344210 0 0 0 0
Sro313_g114700 0 0 0 0
Sro313_g114710 0 0 0 0
Sro313_g114810 0 0 0 0
Sro314_g114980 0 0 0 0
Sro314_g115090 0 0 0 0
Sro315_g115310 0 0 0 0
Sro315_g115380 0 0 0 0
Sro3165_g344660 0 0 0 0
Sro316_g115570 0 0 0 0
Sro316_g115580 0 0 0 0
Sro317_g115810 0 0 0 0
Sro3181_g344830 0 0 0 0
Sro3181_g344840 0 0 0 0
Sro3184_g344850 0 0 0 0
Sro3185_g344860 0 0 0 0
Sro318_g115930 0 0 0 0
Sro318_g115990 0 0 0 0
Sro319_g116120 0 0 0 0
Sro31_g020400 0 0 0 0
Sro31_g020410 0 0 0 0
Sro31_g020480 0 0 0 0
Sro320_g116560 0 0 0 0
Sro321_g116630 1 0 0 1
Sro321_g116690 0 0 0 0
Sro321_g116810 0 0 0 0
Sro321_g116830 0 0 0 0
Sro321_g116850 0 0 0 0
Sro322_g116990 0 0 0 0
Sro322_g117090 0 0 0 0
Sro3235_g345730 0 0 0 0
Sro323_g117240 0 0 0 0
Sro323_g117410 0 0 0 0
Sro3242_g345790 0 0 0 0
Sro324_g117440 0 0 0 0
Sro324_g117670 0 0 0 0
Sro325_g117700 0 0 0 0
Sro325_g117810 0 0 0 0
Sro325_g117820 0 0 0 0
Sro326_g118240 0 0 0 0
Sro327_g118290 0 0 0 0
Sro327_g118410 0 0 0 0
Sro327_g118470 0 0 0 0
Sro328_g118760 0 0 0 0
Sro3292_g346270 0 0 0 0
Sro3292_g346280 0 0 0 0
Sro3292_g346290 0 0 0 0
Sro3297_g346350 0 0 0 0
Sro32_g020750 0 0 0 0
Sro32_g020790 0 0 0 0
Sro3303_g346460 0 0 0 0
Sro330_g119010 0 0 0 0
Sro3315_g346650 0 0 0 0
Sro3318_g346660 0 0 0 0
Sro3318_g346670 0 0 0 0
Sro3323_g346780 0 0 0 0
Sro3326_g346830 0 0 0 0
Sro332_g119400 0 0 0 0
Sro3338_g346960 0 0 0 0
Sro333_g119500 0 0 0 0
Sro334_g119700 0 0 0 0
Sro334_g119720 0 0 0 0
Sro334_g119780 0 0 0 0
Sro334_g119800 0 0 0 0
Sro334_g119840 0 0 0 0
Sro334_g119940 0 0 0 0
Sro3357_g347140 0 0 0 0
Sro3357_g347190 0 0 0 0
Sro335_g119960 0 0 0 0
Sro335_g120000 0 0 0 0
Sro335_g120010 0 0 0 0
Sro3363_g347220 0 0 0 0
Sro336_g120390 0 0 0 0
Sro337_g120480 0 0 0 0
Sro337_g120520 0 0 0 0
Sro337_g120640 0 0 0 0
Sro337_g120720 0 0 0 0
Sro337_g120740 0 0 0 0
Sro338_g120790 0 0 0 0
Sro3391_g347510 0 0 0 0
Sro3394_g347540 0 0 0 0
Sro339_g120940 0 0 0 0
Sro339_g121140 0 0 0 0
Sro33_g021530 0 0 0 0
Sro3407_g347680 0 0 0 0
Sro340_g121270 0 0 0 0
Sro3413_g347770 0 0 0 0
Sro341_g121610 0 0 0 0
Sro3423_g347820 0 0 0 0
Sro3424_g347870 0 0 0 0
Sro343_g121950 0 0 0 0
Sro343_g122090 0 0 0 0
Sro344_g122110 0 0 0 0
Sro344_g122130 0 0 0 0
Sro344_g122250 0 0 0 0
Sro3458_g348230 0 0 0 0
Sro345_g122410 0 0 0 0
Sro345_g122570 0 0 0 0
Sro346_g122600 0 0 0 0
Sro346_g122800 0 0 0 0
Sro347_g122820 0 0 0 0
Sro347_g122840 0 0 0 0
Sro347_g122980 0 0 0 0
Sro347_g123020 0 0 0 0
Sro349_g123490 0 0 0 0
Sro349_g123510 0 0 0 0
Sro34_g021970 0 0 0 0
Sro34_g021980 0 0 0 0
Sro3517_g348810 0 0 0 0
Sro351_g123810 0 0 0 0
Sro351_g123900 0 0 0 0
Sro351_g123940 0 0 0 0
Sro351_g123950 0 0 0 0
Sro352_g124120 0 0 0 0
Sro3533_g349030 0 0 0 0
Sro3544_g349100 0 0 0 0
Sro354_g124790 0 0 0 0
Sro354_g124800 0 0 0 0
Sro354_g124810 0 0 0 0
Sro354_g124820 0 0 0 0
Sro354_g124840 0 0 0 0
Sro355_g125060 0 0 0 0
Sro3560_g349170 0 0 0 0
Sro3563_g349210 0 0 0 0
Sro356_g125320 0 0 0 0
Sro356_g125410 0 0 0 0
Sro3571_g349250 0 0 0 0
Sro358_g125790 0 0 0 0
Sro358_g125860 0 0 0 0
Sro358_g125960 0 0 0 0
Sro3593_g349450 0 0 0 0
Sro359_g126000 0 0 0 0
Sro359_g126050 0 0 0 0
Sro359_g126060 0 0 0 0
Sro359_g126110 0 0 0 0
Sro359_g126150 0 0 0 0
Sro35_g022180 0 0 0 0
Sro35_g022320 0 0 0 0
Sro35_g022330 0 0 0 0
Sro35_g022470 0 0 0 0
Sro35_g022510 0 0 0 0
Sro35_g022530 0 0 0 0
Sro3601_g349550 0 0 0 0
Sro3606_g349640 0 0 0 0
Sro360_g126190 0 0 0 0
Sro360_g126300 0 0 0 0
Sro361_g126450 0 0 0 0
Sro361_g126460 0 0 0 0
Sro361_g126670 0 0 0 0
Sro3622_g349790 0 0 0 0
Sro362_g126700 0 0 0 0
Sro362_g126780 0 0 0 0
Sro3652_g349990 0 0 0 0
Sro3655_g350020 0 0 0 0
Sro365_g127370 0 0 0 0
Sro366_g127670 0 0 0 0
Sro3677_g350220 0 0 0 0
Sro367_g127800 0 0 0 0
Sro368_g128020 0 0 0 0
Sro3696_g350450 0 0 0 0
Sro369_g128130 0 0 0 0
Sro36_g022740 0 0 0 0
Sro36_g022860 0 0 0 0
Sro36_g022880 0 0 0 0
Sro370_g128440 0 0 0 0
Sro370_g128450 0 0 0 0
Sro3712_g350590 0 0 0 0
Sro3727_g350650 0 0 0 0
Sro3728_g350670 0 0 0 0
Sro372_g128730 0 0 0 0
Sro372_g128860 0 0 0 0
Sro373_g128960 0 0 0 0
Sro374_g129170 0 0 0 0
Sro374_g129210 0 0 0 0
Sro374_g129240 0 0 0 0
Sro374_g129310 0 0 0 0
Sro374_g129350 0 0 0 0
Sro3755_g350820 1 0 0 1
Sro375_g129450 0 0 0 0
Sro375_g129460 0 0 0 0
Sro375_g129540 0 0 0 0
Sro3765_g350910 0 0 0 0
Sro3765_g350930 0 0 0 0
Sro376_g129640 0 0 0 0
Sro376_g129750 0 0 0 0
Sro378_g130200 0 0 0 0
Sro378_g130260 0 0 0 0
Sro378_g130290 0 0 0 0
Sro3792_g351060 0 0 0 0
Sro37_g023180 0 0 0 0
Sro37_g023360 0 0 0 0
Sro37_g023380 0 0 0 0
Sro380_g130660 0 0 0 0
Sro3814_g351260 0 0 0 0
Sro381_g130760 0 0 0 0
Sro381_g130780 0 0 0 0
Sro3838_g351360 0 0 0 0
Sro383_g131310 0 0 0 0
Sro383_g131340 0 0 0 0
Sro384_g131490 0 0 0 0
Sro384_g131540 0 0 0 0
Sro385_g131600 0 0 0 0
Sro385_g131690 0 0 0 0
Sro3864_g351530 0 0 0 0
Sro3868_g351570 0 0 0 0
Sro386_g131830 0 0 0 0
Sro3870_g351610 0 0 0 0
Sro3881_g351650 0 0 0 0
Sro388_g132390 0 0 0 0
Sro38_g023800 0 0 0 0
Sro390_g132730 0 0 0 0
Sro390_g132910 0 0 0 0
Sro390_g132960 0 0 0 0
Sro391_g133210 0 0 0 0
Sro392_g133320 0 0 0 0
Sro392_g133370 0 0 0 0
Sro392_g133420 0 0 0 0
Sro392_g133450 0 0 0 0
Sro3934_g351960 0 0 0 0
Sro393_g133530 0 0 0 0
Sro393_g133540 0 0 0 0
Sro393_g133680 0 0 0 0
Sro3944_g352060 0 0 0 0
Sro3948_g352100 0 0 0 0
Sro3955_g352150 0 0 0 0
Sro397_g134410 0 0 0 0
Sro397_g134530 0 0 0 0
Sro398_g134590 0 0 0 0
Sro398_g134600 0 0 0 0
Sro398_g134610 0 0 0 0
Sro3995_g352400 0 0 0 0
Sro399_g134830 0 0 0 0
Sro39_g024090 0 0 0 0
Sro39_g024100 0 0 0 0
Sro39_g024200 0 0 0 0
Sro39_g024340 0 0 0 0
Sro3_g002120 0 0 0 0
Sro3_g002390 0 0 0 0
Sro3_g002640 0 0 0 0
Sro3_g002660 0 0 0 0
Sro3_g002890 0 0 0 0
Sro400_g135160 0 0 0 0
Sro401_g135340 0 0 0 0
Sro401_g135360 0 0 0 0
Sro4026_g352580 0 0 0 0
Sro4026_g352590 0 0 0 0
Sro402_g135380 0 0 0 0
Sro402_g135390 0 0 0 0
Sro402_g135440 0 0 0 0
Sro402_g135490 0 0 0 0
Sro403_g135600 0 0 0 0
Sro403_g135670 0 0 0 0
Sro403_g135690 0 0 0 0
Sro403_g135700 0 0 0 0
Sro403_g135760 0 0 0 0
Sro4051_g352680 0 0 0 0
Sro405_g136140 0 0 0 0
Sro405_g136290 0 0 0 0
Sro4076_g352760 0 0 0 0
Sro407_g136560 0 0 0 0
Sro407_g136580 0 0 0 0
Sro407_g136730 0 0 0 0
Sro408_g136810 0 0 0 0
Sro408_g136830 0 0 0 0
Sro408_g136900 0 0 0 0
Sro408_g136930 0 0 0 0
Sro409_g137260 0 0 0 0
Sro40_g024410 0 0 0 0
Sro40_g024450 0 0 0 0
Sro40_g024550 0 0 0 0
Sro4104_g352900 0 0 0 0
Sro4105_g352910 0 0 0 0
Sro4106_g352930 0 0 0 0
Sro410_g137340 0 0 0 0
Sro411_g137550 1 0 0 1
Sro411_g137560 0 0 0 0
Sro412_g137770 0 0 0 0
Sro412_g137940 0 0 0 0
Sro412_g137990 0 0 0 0
Sro413_g138020 0 0 0 0
Sro413_g138040 0 0 0 0
Sro413_g138130 0 0 0 0
Sro413_g138150 0 0 0 0
Sro413_g138180 0 0 0 0
Sro415_g138520 0 0 0 0
Sro4189_g353320 0 0 0 0
Sro4191_g353330 0 0 0 0
Sro419_g139070 0 0 0 0
Sro419_g139110 0 0 0 0
Sro41_g025000 0 0 0 0
Sro4207_g353380 0 0 0 0
Sro420_g139220 0 0 0 0
Sro421_g139560 0 0 0 0
Sro4227_g353450 0 0 0 0
Sro424_g139950 0 0 0 0
Sro424_g139980 0 0 0 0
Sro426_g140300 0 0 0 0
Sro426_g140340 0 0 0 0
Sro426_g140360 0 0 0 0
Sro426_g140540 0 0 0 0
Sro427_g140620 0 0 0 0
Sro427_g140650 0 0 0 0
Sro427_g140670 0 0 0 0
Sro428_g140850 0 0 0 0
Sro428_g140890 0 0 0 0
Sro429_g141030 0 0 0 0
Sro42_g025420 0 0 0 0
Sro42_g025710 0 0 0 0
Sro4308_g353700 0 0 0 0
Sro430_g141370 0 0 0 0
Sro4319_g353710 0 0 0 0
Sro431_g141420 0 0 0 0
Sro431_g141480 0 0 0 0
Sro431_g141490 0 0 0 0
Sro434_g141980 0 0 0 0
Sro434_g142170 0 0 0 0
Sro4357_g353820 0 0 0 0
Sro436_g142620 0 0 0 0
Sro436_g142700 0 0 0 0
Sro4381_g353870 0 0 0 0
Sro439_g143180 0 0 0 0
Sro439_g143190 0 0 0 0
Sro439_g143200 0 0 0 0
Sro439_g143320 0 0 0 0
Sro43_g026340 0 0 0 0
Sro440_g143540 0 0 0 0
Sro442_g143900 0 0 0 0
Sro444_g144350 0 0 0 0
Sro445_g144550 0 0 0 0
Sro446_g144690 0 0 0 0
Sro447_g144860 0 0 0 0
Sro447_g144900 0 0 0 0
Sro450_g145470 0 0 0 0
Sro450_g145540 0 0 0 0
Sro450_g145560 0 0 0 0
Sro450_g145610 0 0 0 0
Sro451_g145680 0 0 0 0
Sro451_g145780 0 0 0 0
Sro451_g145790 0 0 0 0
Sro452_g145900 0 0 0 0
Sro453_g146020 0 0 0 0
Sro453_g146180 0 0 0 0
Sro4545_g354210 0 0 0 0
Sro454_g146300 0 0 0 0
Sro454_g146430 0 0 0 0
Sro455_g146530 0 0 0 0
Sro455_g146560 0 0 0 0
Sro455_g146570 0 0 0 0
Sro456_g146620 0 0 0 0
Sro456_g146710 0 0 0 0
Sro4570_g354260 0 0 0 0
Sro457_g146820 0 0 0 0
Sro457_g146870 0 0 0 0
Sro4583_g354290 0 0 0 0
Sro459_g147370 0 0 0 0
Sro45_g027180 0 0 0 0
Sro460_g147410 0 0 0 0
Sro460_g147620 0 0 0 0
Sro4612_g354340 0 0 0 0
Sro461_g147710 0 0 0 0
Sro462_g147930 0 0 0 0
Sro462_g148080 0 0 0 0
Sro463_g148100 0 0 0 0
Sro463_g148140 0 0 0 0
Sro463_g148270 0 0 0 0
Sro4649_g354380 0 0 0 0
Sro464_g148430 0 0 0 0
Sro466_g148820 0 0 0 0
Sro4684_g354450 0 0 0 0
Sro468_g149060 0 0 0 0
Sro468_g149090 0 0 0 0
Sro469_g149260 0 0 0 0
Sro46_g027380 0 0 0 0
Sro46_g027470 0 0 0 0
Sro46_g027480 0 0 0 0
Sro46_g027490 0 0 0 0
Sro470_g149400 0 0 0 0
Sro470_g149440 0 0 0 0
Sro470_g149470 0 0 0 0
Sro472_g149860 0 0 0 0
Sro472_g149920 0 0 0 0
Sro472_g149960 0 0 0 0
Sro472_g150040 0 0 0 0
Sro473_g150070 0 0 0 0
Sro474_g150190 0 0 0 0
Sro475_g150500 0 0 0 0
Sro476_g150610 0 0 0 0
Sro477_g150690 0 0 0 0
Sro477_g150780 0 0 0 0
Sro477_g150890 0 0 0 0
Sro478_g150910 0 0 0 0
Sro478_g151090 0 0 0 0
Sro478_g151100 0 0 0 0
Sro479_g151160 0 0 0 0
Sro47_g027810 0 0 0 0
Sro47_g027950 0 0 0 0
Sro47_g027970 0 0 0 0
Sro480_g151440 0 0 0 0
Sro481_g151500 0 0 0 0
Sro481_g151560 0 0 0 0
Sro482_g151750 0 0 0 0
Sro482_g151770 0 0 0 0
Sro482_g151900 0 0 0 0
Sro483_g152150 0 0 0 0
Sro484_g152210 0 0 0 0
Sro484_g152250 0 0 0 0
Sro484_g152290 0 0 0 0
Sro484_g152340 0 0 0 0
Sro486_g152540 0 0 0 0
Sro486_g152600 0 0 0 0
Sro488_g153050 0 0 0 0
Sro489_g153330 0 0 0 0
Sro489_g153380 1 0 0 1
Sro48_g028230 0 0 0 0
Sro48_g028350 0 0 0 0
Sro490_g153580 0 0 0 0
Sro491_g153650 0 0 0 0
Sro492_g153890 0 0 0 0
Sro493_g154070 0 0 0 0
Sro493_g154080 0 0 0 0
Sro493_g154100 0 0 0 0
Sro494_g154290 0 0 0 0
Sro494_g154350 0 0 0 0
Sro494_g154370 0 0 0 0
Sro495_g154510 0 0 0 0
Sro495_g154520 0 0 0 0
Sro495_g154540 0 0 0 0
Sro496_g154600 0 0 0 0
Sro496_g154640 0 0 0 0
Sro497_g154750 0 0 0 0
Sro499_g155150 0 0 0 0
Sro49_g028510 0 0 0 0
Sro49_g028750 0 0 0 0
Sro49_g028770 0 0 0 0
Sro4_g003550 0 0 0 0
Sro4_g003640 0 0 0 0
Sro4_g003750 0 0 0 0
Sro502_g155540 0 0 0 0
Sro502_g155580 0 0 0 0
Sro502_g155590 0 0 0 0
Sro504_g156010 0 0 0 0
Sro505_g156070 0 0 0 0
Sro507_g156410 0 0 0 0
Sro507_g156540 0 0 0 0
Sro507_g156600 0 0 0 0
Sro508_g156750 0 0 0 0
Sro508_g156870 0 0 0 0
Sro509_g156930 0 0 0 0
Sro509_g156990 0 0 0 0
Sro509_g157030 0 0 0 0
Sro509_g157040 0 0 0 0
Sro50_g029110 0 0 0 0
Sro50_g029180 0 0 0 0
Sro510_g157150 0 0 0 0
Sro510_g157250 0 0 0 0
Sro510_g157270 0 0 0 0
Sro510_g157340 0 0 0 0
Sro511_g157500 0 0 0 0
Sro513_g157920 0 0 0 0
Sro514_g157960 0 0 0 0
Sro514_g158050 0 0 0 0
Sro514_g158170 0 0 0 0
Sro516_g158500 0 0 0 0
Sro517_g158610 0 0 0 0
Sro518_g158740 0 0 0 0
Sro518_g158770 0 0 0 0
Sro518_g158850 0 0 0 0
Sro518_g158870 0 0 0 0
Sro519_g158920 0 0 0 0
Sro51_chlor_g029510 0 0 0 0
Sro51_chlor_g030150 0 0 0 0
Sro51_chlor_g030310 0 0 0 0
Sro51_chlor_g030490 0 0 0 0
Sro51_chlor_g030590 0 0 0 0
Sro51_chlor_g030680 0 0 0 0
Sro51_chlor_g030740 0 0 0 0
Sro520_g159090 0 0 0 0
Sro520_g159150 0 0 0 0
Sro521_g159300 0 0 0 0
Sro521_g159430 0 0 0 0
Sro522_g159620 0 0 0 0
Sro525_g160120 0 0 0 0
Sro525_g160190 0 0 0 0
Sro526_g160260 0 0 0 0
Sro526_g160280 0 0 0 0
Sro527_g160630 0 0 0 0
Sro527_g160640 0 0 0 0
Sro527_g160690 0 0 0 0
Sro530_g161210 0 0 0 0
Sro530_g161300 0 0 0 0
Sro532_g161450 0 0 0 0
Sro532_g161520 0 0 0 0
Sro533_g161660 0 0 0 0
Sro534_g161830 0 0 0 0
Sro535_g161970 0 0 0 0
Sro536_g162120 0 0 0 0
Sro536_g162220 0 0 0 0
Sro537_g162330 0 0 0 0
Sro537_g162380 0 0 0 0
Sro537_g162390 0 0 0 0
Sro537_g162430 0 0 0 0
Sro538_g162610 0 0 0 0
Sro539_g162790 0 0 0 0
Sro53_g031380 0 0 0 0
Sro540_g162960 0 0 0 0
Sro540_g163000 0 0 0 0
Sro540_g163050 0 0 0 0
Sro541_g163260 0 0 0 0
Sro543_g163460 0 0 0 0
Sro543_g163480 0 0 0 0
Sro544_g163690 0 0 0 0
Sro544_g163750 0 0 0 0
Sro545_g163900 0 0 0 0
Sro547_g164220 0 0 0 0
Sro547_g164240 0 0 0 0
Sro54_g031810 0 0 0 0
Sro54_g031950 0 0 0 0
Sro54_g032100 0 0 0 0
Sro550_g164660 0 0 0 0
Sro550_g164740 0 0 0 0
Sro550_g164750 0 0 0 0
Sro551_g164830 0 0 0 0
Sro551_g164860 0 0 0 0
Sro554_g165450 0 0 0 0
Sro554_g165460 0 0 0 0
Sro554_g165480 0 0 0 0
Sro554_g165510 0 0 0 0
Sro555_g165740 0 0 0 0
Sro555_g165800 0 0 0 0
Sro556_g165880 0 0 0 0
Sro557_g166100 0 0 0 0
Sro557_g166150 0 0 0 0
Sro558_g166250 0 0 0 0
Sro558_g166360 0 0 0 0
Sro55_g032330 0 0 0 0
Sro55_g032430 0 0 0 0
Sro560_g166610 0 0 0 0
Sro560_g166630 0 0 0 0
Sro560_g166700 0 0 0 0
Sro561_g166830 0 0 0 0
Sro562_g166930 0 0 0 0
Sro562_g166950 0 0 0 0
Sro562_g167020 0 0 0 0
Sro562_g167030 0 0 0 0
Sro562_g167090 0 0 0 0
Sro562_g167130 0 0 0 0
Sro564_g167420 0 0 0 0
Sro565_g167500 0 0 0 0
Sro565_g167560 0 0 0 0
Sro566_g167830 0 0 0 0
Sro566_g167850 0 0 0 0
Sro566_g167870 0 0 0 0
Sro567_g168030 0 0 0 0
Sro568_g168110 0 0 0 0
Sro569_g168270 0 0 0 0
Sro56_g032630 0 0 0 0
Sro56_g032670 0 0 0 0
Sro56_g032810 0 0 0 0
Sro56_g032880 0 0 0 0
Sro56_g033060 0 0 0 0
Sro572_g168730 0 0 0 0
Sro572_g168830 0 0 0 0
Sro573_g168940 0 0 0 0
Sro575_g169400 0 0 0 0
Sro576_g169510 0 0 0 0
Sro577_g169660 0 0 0 0
Sro577_g169710 0 0 0 0
Sro579_g169900 0 0 0 0
Sro579_g169960 0 0 0 0
Sro57_g033120 0 0 0 0
Sro57_g033180 0 0 0 0
Sro57_g033410 0 0 0 0
Sro580_g170170 0 0 0 0
Sro581_g170350 0 0 0 0
Sro582_g170540 0 0 0 0
Sro583_g170610 0 0 0 0
Sro584_g170760 0 0 0 0
Sro584_g170780 0 0 0 0
Sro585_g171030 0 0 0 0
Sro587_g171300 0 0 0 0
Sro587_g171410 0 0 0 0
Sro589_g171850 0 0 0 0
Sro589_g171860 0 0 0 0
Sro58_g033950 0 0 0 0
Sro593_g172220 0 0 0 0
Sro593_g172280 0 0 0 0
Sro594_g172550 0 0 0 0
Sro595_g172680 0 0 0 0
Sro596_g172880 0 0 0 0
Sro598_g172990 0 0 0 0
Sro599_g173260 0 0 0 0
Sro599_g173330 0 0 0 0
Sro59_g033980 0 0 0 0
Sro59_g034060 0 0 0 0
Sro59_g034110 0 0 0 0
Sro59_g034130 0 0 0 0
Sro59_g034180 0 0 0 0
Sro59_g034440 0 0 0 0
Sro59_g034450 0 0 0 0
Sro5_g003980 0 0 0 0
Sro5_g004110 0 0 0 0
Sro5_g004500 0 0 0 0
Sro5_g004640 0 0 0 0
Sro5_g004800 0 0 0 0
Sro600_g173360 0 0 0 0
Sro601_g173460 0 0 0 0
Sro602_g173670 0 0 0 0
Sro602_g173700 0 0 0 0
Sro603_g173960 0 0 0 0
Sro604_g174110 0 0 0 0
Sro605_g174340 0 0 0 0
Sro605_g174360 0 0 0 0
Sro606_g174430 0 0 0 0
Sro608_g174880 0 0 0 0
Sro609_g174950 0 0 0 0
Sro60_g034500 0 0 0 0
Sro60_g034520 0 0 0 0
Sro60_g034640 0 0 0 0
Sro60_g034660 0 0 0 0
Sro610_g175200 0 0 0 0
Sro611_g175250 0 0 0 0
Sro611_g175290 0 0 0 0
Sro611_g175300 0 0 0 0
Sro611_g175310 0 0 0 0
Sro612_g175470 0 0 0 0
Sro612_g175480 0 0 0 0
Sro613_g175610 0 0 0 0
Sro615_g175860 0 0 0 0
Sro616_g175970 0 0 0 0
Sro619_g176380 0 0 0 0
Sro619_g176430 0 0 0 0
Sro619_g176550 0 0 0 0
Sro61_g034900 0 0 0 0
Sro61_g034910 0 0 0 0
Sro61_g035120 0 0 0 0
Sro620_g176560 0 0 0 0
Sro622_g176910 0 0 0 0
Sro622_g176920 0 0 0 0
Sro622_g176930 0 0 0 0
Sro623_g177120 0 0 0 0
Sro624_g177270 0 0 0 0
Sro624_g177360 0 0 0 0
Sro625_g177470 0 0 0 0
Sro625_g177640 0 0 0 0
Sro627_g177960 0 0 0 0
Sro628_g177990 0 0 0 0
Sro629_g178160 0 0 0 0
Sro62_g035300 0 0 0 0
Sro62_g035340 0 0 0 0
Sro62_g035420 0 0 0 0
Sro62_g035550 0 0 0 0
Sro62_g035600 0 0 0 0
Sro630_g178390 0 0 0 0
Sro631_g178420 0 0 0 0
Sro632_g178630 0 0 0 0
Sro633_g178770 0 0 0 0
Sro634_g179000 0 0 0 0
Sro637_g179450 0 0 0 0
Sro637_g179460 0 0 0 0
Sro638_g179540 0 0 0 0
Sro639_g179680 0 0 0 0
Sro639_g179710 0 0 0 0
Sro639_g179790 0 0 0 0
Sro639_g179820 0 0 0 0
Sro63_g035910 0 0 0 0
Sro63_g036060 0 0 0 0
Sro640_g179860 0 0 0 0
Sro640_g179910 0 0 0 0
Sro641_g179970 0 0 0 0
Sro642_g180180 0 0 0 0
Sro642_g180190 0 0 0 0
Sro644_g180560 0 0 0 0
Sro645_g180640 0 0 0 0
Sro646_g180700 0 0 0 0
Sro646_g180750 0 0 0 0
Sro647_g180840 0 0 0 0
Sro647_g180860 0 0 0 0
Sro649_g181260 0 0 0 0
Sro64_g036130 0 0 0 0
Sro64_g036280 0 0 0 0
Sro64_g036470 0 0 0 0
Sro650_g181350 0 0 0 0
Sro650_g181460 0 0 0 0
Sro650_g181470 0 0 0 0
Sro651_g181560 0 0 0 0
Sro652_g181690 0 0 0 0
Sro652_g181800 0 0 0 0
Sro652_g181820 0 0 0 0
Sro652_g181830 0 0 0 0
Sro655_g182230 0 0 0 0
Sro655_g182300 0 0 0 0
Sro656_g182480 0 0 0 0
Sro656_g182490 0 0 0 0
Sro657_g182570 0 0 0 0
Sro657_g182600 0 0 0 0
Sro65_g036700 0 0 0 0
Sro65_g036900 0 0 0 0
Sro660_g183010 0 0 0 0
Sro661_g183220 0 0 0 0
Sro663_g183490 0 0 0 0
Sro665_g183890 0 0 0 0
Sro667_g184100 0 0 0 0
Sro668_g184280 0 0 0 0
Sro668_g184430 0 0 0 0
Sro669_g184540 0 0 0 0
Sro669_g184560 0 0 0 0
Sro66_g037120 0 0 0 0
Sro672_g185120 0 0 0 0
Sro674_g185380 0 0 0 0
Sro675_g185430 0 0 0 0
Sro678_g185950 0 0 0 0
Sro67_g037560 0 0 0 0
Sro67_g037680 0 0 0 0
Sro67_g037760 0 0 0 0
Sro680_g186240 0 0 0 0
Sro680_g186290 0 0 0 0
Sro681_g186390 0 0 0 0
Sro684_g186780 0 0 0 0
Sro684_g186840 0 0 0 0
Sro687_g187270 0 0 0 0
Sro688_g187430 0 0 0 0
Sro689_g187490 0 0 0 0
Sro68_g037840 0 0 0 0
Sro68_g037860 0 0 0 0
Sro68_g037980 0 0 0 0
Sro68_g038000 0 0 0 0
Sro68_g038200 0 0 0 0
Sro68_g038240 0 0 0 0
Sro68_g038320 0 0 0 0
Sro690_g187570 0 0 0 0
Sro692_g188110 0 0 0 0
Sro693_g188250 0 0 0 0
Sro693_g188300 0 0 0 0
Sro693_g188400 0 0 0 0
Sro695_g188600 0 0 0 0
Sro698_g189270 0 0 0 0
Sro698_g189280 0 0 0 0
Sro698_g189330 0 0 0 0
Sro69_g038370 0 0 0 0
Sro69_g038400 0 0 0 0
Sro69_g038580 0 0 0 0
Sro6_g004860 0 0 0 0
Sro6_g005040 0 0 0 0
Sro6_g005090 0 0 0 0
Sro6_g005570 0 0 0 0
Sro700_g189570 0 0 0 0
Sro700_g189610 0 0 0 0
Sro701_g189730 0 0 0 0
Sro702_g189870 0 0 0 0
Sro702_g189940 0 0 0 0
Sro702_g189950 0 0 0 0
Sro702_g190010 0 0 0 0
Sro704_g190200 0 0 0 0
Sro704_g190210 0 0 0 0
Sro707_g190530 0 0 0 0
Sro707_g190590 0 0 0 0
Sro70_g038810 0 0 0 0
Sro70_g038880 0 0 0 0
Sro70_g039100 0 0 0 0
Sro70_g039110 0 0 0 0
Sro70_g039190 0 0 0 0
Sro710_g191040 0 0 0 0
Sro710_g191140 0 0 0 0
Sro711_g191270 0 0 0 0
Sro712_g191310 0 0 0 0
Sro712_g191350 0 0 0 0
Sro712_g191420 0 0 0 0
Sro713_g191590 0 0 0 0
Sro716_g191920 0 0 0 0
Sro717_g192070 0 0 0 0
Sro719_g192420 0 0 0 0
Sro719_g192430 0 0 0 0
Sro71_g039270 0 0 0 0
Sro71_g039580 0 0 0 0
Sro720_g192470 0 0 0 0
Sro720_g192560 0 0 0 0
Sro721_g192730 0 0 0 0
Sro721_g192780 0 0 0 0
Sro722_g192850 0 0 0 0
Sro722_g192860 0 0 0 0
Sro725_g193250 0 0 0 0
Sro725_g193260 0 0 0 0
Sro725_g193270 0 0 0 0
Sro725_g193370 0 0 0 0
Sro725_g193410 0 0 0 0
Sro726_g193440 0 0 0 0
Sro727_g193660 0 0 0 0
Sro729_g193770 0 0 0 0
Sro72_g039720 0 0 0 0
Sro72_g039800 0 0 0 0
Sro72_g039960 0 0 0 0
Sro72_g040120 0 0 0 0
Sro730_g193980 0 0 0 0
Sro730_g194060 0 0 0 0
Sro731_g194150 0 0 0 0
Sro731_g194190 0 0 0 0
Sro731_g194270 0 0 0 0
Sro731_g194280 0 0 0 0
Sro731_g194300 0 0 0 0
Sro732_g194460 0 0 0 0
Sro733_g194500 0 0 0 0
Sro734_g194710 0 0 0 0
Sro734_g194750 0 0 0 0
Sro735_g194880 0 0 0 0
Sro739_g195360 0 0 0 0
Sro73_g040190 0 0 0 0
Sro73_g040380 0 0 0 0
Sro740_g195550 0 0 0 0
Sro740_g195610 0 0 0 0
Sro742_g195820 0 0 0 0
Sro742_g195850 0 0 0 0
Sro742_g195870 0 0 0 0
Sro742_g195880 0 0 0 0
Sro743_g196020 0 0 0 0
Sro743_g196040 0 0 0 0
Sro744_g196290 0 0 0 0
Sro747_g196460 0 0 0 0
Sro749_g196750 0 0 0 0
Sro74_g040740 0 0 0 0
Sro74_g040770 0 0 0 0
Sro74_g040810 0 0 0 0
Sro74_g040900 0 0 0 0
Sro74_g040950 0 0 0 0
Sro750_g196920 0 0 0 0
Sro752_g197130 0 0 0 0
Sro752_g197170 0 0 0 0
Sro752_g197240 0 0 0 0
Sro754_g197500 0 0 0 0
Sro755_g197570 0 0 0 0
Sro755_g197600 0 0 0 0
Sro756_g197800 0 0 0 0
Sro757_g197990 0 0 0 0
Sro759_g198150 0 0 0 0
Sro759_g198160 0 0 0 0
Sro759_g198200 0 0 0 0
Sro759_g198290 0 0 0 0
Sro760_g198440 0 0 0 0
Sro762_g198630 0 0 0 0
Sro762_g198660 0 0 0 0
Sro762_g198750 0 0 0 0
Sro763_g198810 0 0 0 0
Sro763_g198820 0 0 0 0
Sro764_g199120 0 0 0 0
Sro765_g199150 0 0 0 0
Sro766_g199280 0 0 0 0
Sro766_g199300 0 0 0 0
Sro766_g199310 0 0 0 0
Sro766_g199350 0 0 0 0
Sro767_g199440 0 0 0 0
Sro767_g199560 0 0 0 0
Sro768_g199610 0 0 0 0
Sro768_g199620 0 0 0 0
Sro768_g199670 0 0 0 0
Sro768_g199710 0 0 0 0
Sro768_g199720 0 0 0 0
Sro76_g041680 0 0 0 0
Sro76_g041700 0 0 0 0
Sro76_g041710 0 0 0 0
Sro76_g041750 0 0 0 0
Sro76_g041830 0 0 0 0
Sro770_g199900 0 0 0 0
Sro770_g199950 0 0 0 0
Sro770_g199980 0 0 0 0
Sro770_g200000 0 0 0 0
Sro771_g200150 0 0 0 0
Sro772_g200180 0 0 0 0
Sro772_g200310 0 0 0 0
Sro773_g200390 0 0 0 0
Sro773_g200400 0 0 0 0
Sro773_g200430 0 0 0 0
Sro773_g200550 0 0 0 0
Sro776_g200940 0 0 0 0
Sro779_g201300 0 0 0 0
Sro779_g201400 0 0 0 0
Sro77_g041870 0 0 0 0
Sro77_g042090 0 0 0 0
Sro780_g201430 0 0 0 0
Sro780_g201440 0 0 0 0
Sro781_g201510 0 0 0 0
Sro782_g201780 0 0 0 0
Sro783_g201880 0 0 0 0
Sro784_g201990 0 0 0 0
Sro784_g202050 0 0 0 0
Sro784_g202060 0 0 0 0
Sro787_g202340 0 0 0 0
Sro788_g202510 0 0 0 0
Sro789_g202710 0 0 0 0
Sro78_g042310 0 0 0 0
Sro78_g042320 0 0 0 0
Sro78_g042340 0 0 0 0
Sro78_g042390 0 0 0 0
Sro78_g042590 0 0 0 0
Sro791_g202990 0 0 0 0
Sro792_g203180 0 0 0 0
Sro793_g203280 0 0 0 0
Sro794_g203320 0 0 0 0
Sro794_g203370 0 0 0 0
Sro794_g203380 0 0 0 0
Sro795_g203570 0 0 0 0
Sro796_g203690 0 0 0 0
Sro796_g203740 0 0 0 0
Sro796_g203760 0 0 0 0
Sro796_g203780 0 0 0 0
Sro797_g203890 0 0 0 0
Sro797_g203910 0 0 0 0
Sro798_g203960 0 0 0 0
Sro79_g042690 0 0 0 0
Sro79_g042750 0 0 0 0
Sro79_g042770 0 0 0 0
Sro79_g042790 0 0 0 0
Sro79_g042900 0 0 0 0
Sro7_g005800 0 0 0 0
Sro7_g005950 0 0 0 0
Sro7_g005970 0 0 0 0
Sro7_g006220 0 0 0 0
Sro800_g204220 0 0 0 0
Sro800_g204290 0 0 0 0
Sro800_g204380 0 0 0 0
Sro801_g204430 0 0 0 0
Sro802_g204590 0 0 0 0
Sro802_g204600 0 0 0 0
Sro802_g204610 0 0 0 0
Sro802_g204740 0 0 0 0
Sro803_g204750 0 0 0 0
Sro803_g204770 0 0 0 0
Sro804_g204940 0 0 0 0
Sro807_g205250 0 0 0 0
Sro808_g205340 0 0 0 0
Sro808_g205390 0 0 0 0
Sro809_g205590 0 0 0 0
Sro809_g205600 0 0 0 0
Sro80_g043020 0 0 0 0
Sro80_g043110 0 0 0 0
Sro80_g043290 0 0 0 0
Sro813_g206170 0 0 0 0
Sro813_g206180 0 0 0 0
Sro813_g206210 0 0 0 0
Sro815_g206470 0 0 0 0
Sro815_g206580 0 0 0 0
Sro815_g206590 0 0 0 0
Sro816_g206630 0 0 0 0
Sro816_g206730 0 0 0 0
Sro816_g206740 0 0 0 0
Sro819_g207120 0 0 0 0
Sro819_g207160 0 0 0 0
Sro81_g043530 0 0 0 0
Sro81_g043630 0 0 0 0
Sro821_g207410 0 0 0 0
Sro822_g207490 0 0 0 0
Sro823_g207540 0 0 0 0
Sro827_g207860 0 0 0 0
Sro827_g207880 0 0 0 0
Sro827_g207890 0 0 0 0
Sro827_g207920 0 0 0 0
Sro828_g207930 0 0 0 0
Sro829_g208160 0 0 0 0
Sro82_g043850 0 0 0 0
Sro82_g043880 0 0 0 0
Sro82_g043960 0 0 0 0
Sro82_g043970 0 0 0 0
Sro831_g208350 0 0 0 0
Sro832_g208470 0 0 0 0
Sro833_g208570 0 0 0 0
Sro834_g208650 0 0 0 0
Sro834_g208680 0 0 0 0
Sro835_g208760 0 0 0 0
Sro835_g208840 0 0 0 0
Sro835_g208880 0 0 0 0
Sro835_g208910 0 0 0 0
Sro836_g209040 0 0 0 0
Sro836_g209080 0 0 0 0
Sro83_g044240 0 0 0 0
Sro840_g209370 0 0 0 0
Sro841_g209510 0 0 0 0
Sro845_g210000 0 0 0 0
Sro845_g210030 0 0 0 0
Sro846_g210100 0 0 0 0
Sro846_g210110 0 0 0 0
Sro846_g210190 0 0 0 0
Sro846_g210240 0 0 0 0
Sro847_g210300 0 0 0 0
Sro847_g210330 0 0 0 0
Sro847_g210340 0 0 0 0
Sro848_g210430 0 0 0 0
Sro849_g210560 0 0 0 0
Sro84_g044640 0 0 0 0
Sro84_g044660 0 0 0 0
Sro84_g044750 0 0 0 0
Sro84_g044800 0 0 0 0
Sro84_g044860 0 0 0 0
Sro851_g210810 0 0 0 0
Sro851_g210860 0 0 0 0
Sro852_g210930 0 0 0 0
Sro852_g211030 0 0 0 0
Sro853_g211080 0 0 0 0
Sro853_g211150 0 0 0 0
Sro855_g211380 0 0 0 0
Sro855_g211470 1 0 0 1
Sro856_g211530 0 0 0 0
Sro856_g211550 0 0 0 0
Sro856_g211590 0 0 0 0
Sro856_g211600 0 0 0 0
Sro856_g211630 0 0 0 0
Sro857_g211710 0 0 0 0
Sro859_g211990 0 0 0 0
Sro859_g212060 0 0 0 0
Sro859_g212070 0 0 0 0
Sro85_g045200 0 0 0 0
Sro85_g045520 0 0 0 0
Sro85_g045550 0 0 0 0
Sro860_g212150 0 0 0 0
Sro860_g212160 0 0 0 0
Sro862_g212490 0 0 0 0
Sro865_g212740 0 0 0 0
Sro865_g212750 0 0 0 0
Sro865_g212840 0 0 0 0
Sro865_g212860 0 0 0 0
Sro866_g213030 0 0 0 0
Sro866_g213040 0 0 0 0
Sro867_g213200 0 0 0 0
Sro867_g213220 0 0 0 0
Sro868_g213410 0 0 0 0
Sro869_g213460 0 0 0 0
Sro869_g213520 0 0 0 0
Sro869_g213530 0 0 0 0
Sro86_g045650 0 0 0 0
Sro86_g045730 0 0 0 0
Sro86_g045780 0 0 0 0
Sro870_g213690 0 0 0 0
Sro871_g213750 0 0 0 0
Sro875_g214390 0 0 0 0
Sro876_g214470 0 0 0 0
Sro876_g214510 0 0 0 0
Sro876_g214570 0 0 0 0
Sro877_g214660 0 0 0 0
Sro877_g214680 0 0 0 0
Sro878_g214770 0 0 0 0
Sro878_g214830 0 0 0 0
Sro87_g046130 0 0 0 0
Sro880_g214940 0 0 0 0
Sro882_g215360 0 0 0 0
Sro887_g216370 0 0 0 0
Sro88_g046360 0 0 0 0
Sro88_g046540 0 0 0 0
Sro88_g046610 0 0 0 0
Sro88_g046630 0 0 0 0
Sro88_g046670 0 0 0 0
Sro891_g216830 0 0 0 0
Sro893_g217050 0 0 0 0
Sro893_g217060 0 0 0 0
Sro895_g217280 0 0 0 0
Sro896_g217330 0 0 0 0
Sro896_g217350 0 0 0 0
Sro896_g217360 0 0 0 0
Sro898_g217550 0 0 0 0
Sro899_g217770 0 0 0 0
Sro89_g046800 0 0 0 0
Sro89_g047000 0 0 0 0
Sro89_g047010 0 0 0 0
Sro89_g047150 0 0 0 0
Sro8_g006570 0 0 0 0
Sro8_g006700 0 0 0 0
Sro8_g006740 0 0 0 0
Sro8_g006770 0 0 0 0
Sro8_g006790 0 0 0 0
Sro8_g006880 0 0 0 0
Sro900_g217790 0 0 0 0
Sro900_g217860 0 0 0 0
Sro902_g218100 0 0 0 0
Sro902_g218120 0 0 0 0
Sro902_g218130 0 0 0 0
Sro904_g218440 0 0 0 0
Sro905_g218590 0 0 0 0
Sro906_g218620 0 0 0 0
Sro907_g218740 0 0 0 0
Sro908_g218830 0 0 0 0
Sro909_g219030 0 0 0 0
Sro909_g219050 0 0 0 0
Sro911_g219250 0 0 0 0
Sro911_g219260 0 0 0 0
Sro916_g219780 0 0 0 0
Sro916_g219830 0 0 0 0
Sro917_g219950 0 0 0 0
Sro91_g047710 0 0 0 0
Sro91_g047720 0 0 0 0
Sro920_g220240 0 0 0 0
Sro921_g220360 0 0 0 0
Sro923_g220720 0 0 0 0
Sro925_g220880 0 0 0 0
Sro925_g220920 0 0 0 0
Sro926_g220960 0 0 0 0
Sro926_g221010 0 0 0 0
Sro927_g221110 0 0 0 0
Sro927_g221200 0 0 0 0
Sro928_g221280 0 0 0 0
Sro92_g048070 0 0 0 0
Sro92_g048160 0 0 0 0
Sro931_g221420 0 0 0 0
Sro931_g221530 0 0 0 0
Sro932_g221600 0 0 0 0
Sro932_g221670 0 0 0 0
Sro936_g222140 0 0 0 0
Sro93_g048300 0 0 0 0
Sro93_g048370 0 0 0 0
Sro93_g048540 0 0 0 0
Sro93_g048670 0 0 0 0
Sro941_g222620 0 0 0 0
Sro942_g222710 0 0 0 0
Sro943_g222780 0 0 0 0
Sro945_g223040 0 0 0 0
Sro945_g223120 0 0 0 0
Sro945_g223150 0 0 0 0
Sro946_g223200 0 0 0 0
Sro946_g223210 0 0 0 0
Sro946_g223220 0 0 0 0
Sro946_g223320 0 0 0 0
Sro947_g223390 0 0 0 0
Sro947_g223410 0 0 0 0
Sro947_g223470 0 0 0 0
Sro948_g223500 0 0 0 0
Sro949_g223650 0 0 0 0
Sro94_g048900 1 0 1 0
Sro94_g048920 0 0 0 0
Sro94_g049060 0 0 0 0
Sro950_g223730 0 0 0 0
Sro952_g224010 0 0 0 0
Sro952_g224140 0 0 0 0
Sro953_g224200 0 0 0 0
Sro954_g224380 0 0 0 0
Sro955_g224400 0 0 0 0
Sro955_g224430 0 0 0 0
Sro95_g049200 0 0 0 0
Sro961_g224950 0 0 0 0
Sro961_g225030 0 0 0 0
Sro962_g225080 0 0 0 0
Sro962_g225100 0 0 0 0
Sro962_g225210 0 0 0 0
Sro963_g225280 0 0 0 0
Sro964_g225370 0 0 0 0
Sro967_g225800 0 0 0 0
Sro968_g225930 0 0 0 0
Sro968_g225960 0 0 0 0
Sro969_g226160 0 0 0 0
Sro969_g226290 0 0 0 0
Sro96_g049580 0 0 0 0
Sro96_g049650 0 0 0 0
Sro96_g049710 0 0 0 0
Sro96_g049720 0 0 0 0
Sro96_g049740 0 0 0 0
Sro96_g049750 0 0 0 0
Sro970_g226300 0 0 0 0
Sro970_g226400 0 0 0 0
Sro972_g226660 0 0 0 0
Sro973_g226670 0 0 0 0
Sro974_g226710 0 0 0 0
Sro975_g226850 0 0 0 0
Sro975_g226870 0 0 0 0
Sro975_g226880 0 0 0 0
Sro976_g226960 0 0 0 0
Sro976_g226970 0 0 0 0
Sro978_g227090 0 0 0 0
Sro978_g227140 0 0 0 0
Sro97_g049830 0 0 0 0
Sro97_g049920 0 0 0 0
Sro97_g050140 0 0 0 0
Sro980_g227420 0 0 0 0
Sro982_g227620 0 0 0 0
Sro982_g227780 0 0 0 0
Sro983_g227860 0 0 0 0
Sro984_g227920 0 0 0 0
Sro985_g228000 0 0 0 0
Sro987_g228200 0 0 0 0
Sro987_g228250 0 0 0 0
Sro987_g228270 0 0 0 0
Sro988_g228340 0 0 0 0
Sro98_g050570 0 0 0 0
Sro991_g228660 0 0 0 0
Sro992_g228790 0 0 0 0
Sro994_g229050 0 0 0 0
Sro994_g229100 0 0 0 0
Sro995_g229180 0 0 0 0
Sro996_g229240 0 0 0 0
Sro996_g229270 0 0 0 0
Sro998_g229490 0 0 0 0
Sro998_g229520 0 0 0 0
Sro99_g050850 0 0 0 0
Sro9_g006960 0 0 0 0
Sro9_g006980 0 0 0 0
Sro9_g007000 0 0 0 0
Sro9_g007080 0 0 0 0
Sro9_g007310 0 0 0 0
Sro9_g007340 0 0 0 0
Sro9_g007380 0 0 0 0
Sro9_g007520 0 0 0 0
Sro9_g007640 0 0 0 0
Sro9_g007730 0 0 0 0
